Time [s] , Frame nr,Sent pressure 0,Received pressure 0
1.738918,0,0.519999980926514,0.505469971173881
1.74216,1,0.519999980926514,0.505469971173881
2.200276,2,0.519999980926514,0.504863892071754
2.220187,3,0.519999980926514,0.507894287582388
2.230976,4,0.519999980926514,0.507894287582388
2.240586,5,0.519999980926514,0.507894287582388
2.25058,6,0.519999980926514,0.510318603990896
2.26158,7,0.519999980926514,0.515167236807912
2.270661,8,0.519999980926514,0.515167236807912
2.280563,9,0.519999980926514,0.515773315910039
2.291067,10,0.519999980926514,0.515773315910039
2.299766,11,0.519999980926514,0.515773315910039
2.310605,12,0.519999980926514,0.516379395012166
2.319472,13,0.519999980926514,0.516379395012166
2.328621,14,0.519999980926514,0.516379395012166
2.337067,15,0.519999980926514,0.516985474114293
2.346994,16,0.519999980926514,0.51759155321642
2.357051,17,0.519999980926514,0.518197632318547
2.366815,18,0.519999980926514,0.518197632318547
2.3755,19,0.519999980926514,0.518197632318547
2.385476,20,0.519999980926514,0.518197632318547
2.39594,21,0.519999980926514,0.518197632318547
2.406545,22,0.519999980926514,0.518197632318547
2.415998,23,0.519999980926514,0.518803711420674
2.424816,24,0.519999980926514,0.518197632318547
2.43403,25,0.519999980926514,0.518803711420674
2.443999,26,0.519999980926514,0.518803711420674
2.453786,27,0.519999980926514,0.518803711420674
2.463234,28,0.519999980926514,0.518803711420674
2.472476,29,0.519999980926514,0.518803711420674
2.481543,30,0.519999980926514,0.518803711420674
2.491421,31,0.519999980926514,0.518197632318547
2.50224,32,0.519999980926514,0.518803711420674
2.512825,33,0.519999980926514,0.518803711420674
2.522847,34,0.519999980926514,0.518803711420674
2.531705,35,0.519999980926514,0.518197632318547
2.541948,36,0.519999980926514,0.518197632318547
2.550813,37,0.519999980926514,0.518197632318547
2.560443,38,0.519999980926514,0.518197632318547
2.568964,39,0.519999980926514,0.518197632318547
2.578271,40,0.519999980926514,0.518803711420674
2.586926,41,0.519999980926514,0.518197632318547
2.596356,42,0.519999980926514,0.518803711420674
2.606507,43,0.519999980926514,0.518197632318547
2.616683,44,0.519999980926514,0.518803711420674
2.627192,45,0.519999980926514,0.518197632318547
2.635504,46,0.519999980926514,0.518197632318547
2.645941,47,0.519999980926514,0.518197632318547
2.656735,48,0.519999980926514,0.518197632318547
2.667392,49,0.519999980926514,0.518197632318547
2.677847,50,0.519999980926514,0.518197632318547
2.687181,51,0.519999980926514,0.518197632318547
2.697587,52,0.519999980926514,0.518197632318547
2.707787,53,0.519999980926514,0.518197632318547
2.71645,54,0.519999980926514,0.518803711420674
2.724998,55,0.519999980926514,0.518197632318547
2.73373,56,0.519999980926514,0.518197632318547
2.742931,57,0.519999980926514,0.518197632318547
2.752824,58,0.519999980926514,0.518197632318547
2.761612,59,0.519999980926514,0.518197632318547
2.771225,60,0.519999980926514,0.518197632318547
2.780617,61,0.519999980926514,0.518197632318547
2.790913,62,0.519999980926514,0.518197632318547
2.799417,63,0.519999980926514,0.518197632318547
2.809847,64,0.519999980926514,0.518197632318547
2.820043,65,0.519999980926514,0.518197632318547
2.836219,66,0.519999980926514,0.518197632318547
2.84454,67,0.519999980926514,0.518197632318547
2.855538,68,0.519999980926514,0.518197632318547
2.86582,69,0.519999980926514,0.518197632318547
2.875929,70,0.519999980926514,0.518197632318547
2.885243,71,0.519999980926514,0.518197632318547
2.893824,72,0.519999980926514,0.518197632318547
2.903989,73,0.519999980926514,0.518197632318547
2.912349,74,0.519999980926514,0.518197632318547
2.922088,75,0.519999980926514,0.518197632318547
2.930849,76,0.519999980926514,0.518197632318547
2.940919,77,0.519999980926514,0.518197632318547
2.949614,78,0.519999980926514,0.518197632318547
2.958692,79,0.519999980926514,0.518197632318547
2.968491,80,0.519999980926514,0.518197632318547
2.977425,81,0.519999980926514,0.518197632318547
2.987329,82,0.519999980926514,0.518197632318547
2.99687,83,0.519999980926514,0.518197632318547
3.006097,84,0.519999980926514,0.518197632318547
3.01579,85,0.519999980926514,0.518197632318547
3.02625,86,0.519999980926514,0.51759155321642
3.036409,87,0.519999980926514,0.518197632318547
3.046307,88,0.519999980926514,0.51759155321642
3.054935,89,0.519999980926514,0.518197632318547
3.063674,90,0.519999980926514,0.518197632318547
3.07282,91,0.519999980926514,0.518197632318547
3.083267,92,0.519999980926514,0.518197632318547
3.093325,93,0.519999980926514,0.518197632318547
3.102531,94,0.519999980926514,0.518197632318547
3.111325,95,0.519999980926514,0.518197632318547
3.121857,96,0.519999980926514,0.518197632318547
3.13115,97,0.519999980926514,0.518197632318547
3.141569,98,0.519999980926514,0.518197632318547
3.15182,99,0.519999980926514,0.518197632318547
3.161188,100,0.519999980926514,0.518197632318547
3.171225,101,0.519999980926514,0.518197632318547
3.179888,102,0.519999980926514,0.518197632318547
3.188841,103,0.519999980926514,0.518197632318547
3.199222,104,0.519999980926514,0.518197632318547
3.207791,105,0.519999980926514,0.518197632318547
3.217277,106,0.519999980926514,0.518197632318547
3.227631,107,0.519999980926514,0.518197632318547
3.238222,108,0.519999980926514,0.518197632318547
3.247409,109,0.519999980926514,0.518197632318547
3.256602,110,0.519999980926514,0.51759155321642
3.266709,111,0.519999980926514,0.518197632318547
3.276393,112,0.519999980926514,0.51759155321642
3.285843,113,0.519999980926514,0.51759155321642
3.295552,114,0.519999980926514,0.51759155321642
3.304914,115,0.519999980926514,0.518197632318547
3.313626,116,0.519999980926514,0.518197632318547
3.323746,117,0.519999980926514,0.51759155321642
3.332331,118,0.519999980926514,0.518197632318547
3.340894,119,0.519999980926514,0.518197632318547
3.3506,120,0.519999980926514,0.518197632318547
3.360725,121,0.519999980926514,0.51759155321642
3.370984,122,0.519999980926514,0.518197632318547
3.379556,123,0.519999980926514,0.518197632318547
3.38972,124,0.519999980926514,0.518197632318547
3.400039,125,0.519999980926514,0.518197632318547
3.410003,126,0.519999980926514,0.51759155321642
3.418838,127,0.519999980926514,0.518197632318547
3.428898,128,0.519999980926514,0.518197632318547
3.437633,129,0.519999980926514,0.518197632318547
3.447518,130,0.519999980926514,0.518197632318547
3.456756,131,0.519999980926514,0.518197632318547
3.466402,132,0.519999980926514,0.51759155321642
3.477252,133,0.519999980926514,0.51759155321642
3.485798,134,0.519999980926514,0.518197632318547
3.49474,135,0.519999980926514,0.518197632318547
3.505065,136,0.519999980926514,0.518197632318547
3.516061,137,0.519999980926514,0.518197632318547
3.524708,138,0.519999980926514,0.51759155321642
3.533707,139,0.519999980926514,0.518197632318547
3.542227,140,0.519999980926514,0.518197632318547
3.551593,141,0.519999980926514,0.51759155321642
3.562135,142,0.519999980926514,0.518197632318547
3.571926,143,0.519999980926514,0.518197632318547
3.581173,144,0.519999980926514,0.518197632318547
3.590822,145,0.519999980926514,0.518197632318547
3.599591,146,0.519999980926514,0.518197632318547
3.60997,147,0.519999980926514,0.518197632318547
3.621518,148,0.519999980926514,0.518197632318547
3.631879,149,0.519999980926514,0.518197632318547
3.641046,150,0.519999980926514,0.518197632318547
3.650599,151,0.519999980926514,0.51759155321642
3.666759,152,0.519999980926514,0.51759155321642
3.675639,153,0.519999980926514,0.518197632318547
3.686597,154,0.519999980926514,0.518197632318547
3.695715,155,0.519999980926514,0.518197632318547
3.705094,156,0.519999980926514,0.51759155321642
3.71596,157,0.519999980926514,0.518197632318547
3.726175,158,0.519999980926514,0.518197632318547
3.735411,159,0.519999980926514,0.518197632318547
3.745468,160,0.519999980926514,0.518197632318547
3.754942,161,0.519999980926514,0.518197632318547
3.763585,162,0.519999980926514,0.518197632318547
3.772516,163,0.519999980926514,0.518197632318547
3.781196,164,0.519999980926514,0.518197632318547
3.790634,165,0.519999980926514,0.518197632318547
3.798958,166,0.519999980926514,0.518197632318547
3.807373,167,0.519999980926514,0.51759155321642
3.816802,168,0.519999980926514,0.51759155321642
3.82709,169,0.519999980926514,0.51759155321642
3.835458,170,0.519999980926514,0.518197632318547
3.843974,171,0.519999980926514,0.518197632318547
3.853129,172,0.519999980926514,0.518197632318547
3.86264,173,0.519999980926514,0.518197632318547
3.872821,174,0.519999980926514,0.518197632318547
3.881171,175,0.519999980926514,0.518197632318547
3.889565,176,0.519999980926514,0.518197632318547
3.89796,177,0.519999980926514,0.518197632318547
3.908354,178,0.519999980926514,0.518197632318547
3.919408,179,0.519999980926514,0.518197632318547
3.928287,180,0.519999980926514,0.518197632318547
3.936694,181,0.519999980926514,0.518197632318547
3.946947,182,0.519999980926514,0.518197632318547
3.955541,183,0.519999980926514,0.518197632318547
3.965811,184,0.519999980926514,0.51759155321642
3.975172,185,0.519999980926514,0.51759155321642
3.985595,186,0.519999980926514,0.518197632318547
3.993958,187,0.519999980926514,0.51759155321642
4.004414,188,0.519999980926514,0.518197632318547
4.014018,189,0.519999980926514,0.518197632318547
4.024507,190,0.519999980926514,0.518197632318547
4.034257,191,0.519999980926514,0.51759155321642
4.042986,192,0.519999980926514,0.518197632318547
4.053374,193,0.519999980926514,0.51759155321642
4.062894,194,0.519999980926514,0.518197632318547
4.072394,195,0.519999980926514,0.518197632318547
4.081257,196,0.519999980926514,0.518197632318547
4.089876,197,0.519999980926514,0.518197632318547
4.098451,198,0.519999980926514,0.518197632318547
4.107889,199,0.519999980926514,0.518197632318547
4.117263,200,0.519999980926514,0.518197632318547
4.128668,201,0.519999980926514,0.51759155321642
4.138619,202,0.519999980926514,0.51759155321642
4.147972,203,0.519999980926514,0.518197632318547
4.156631,204,0.519999980926514,0.518197632318547
4.16509,205,0.519999980926514,0.518197632318547
4.174952,206,0.519999980926514,0.518197632318547
4.183639,207,0.519999980926514,0.518197632318547
4.193733,208,0.519999980926514,0.518197632318547
4.202245,209,0.519999980926514,0.518197632318547
4.212606,210,0.519999980926514,0.518197632318547
4.221382,211,0.519999980926514,0.518197632318547
4.231648,212,0.519999980926514,0.518197632318547
4.241212,213,0.519999980926514,0.518197632318547
4.251344,214,0.519999980926514,0.518197632318547
4.260077,215,0.519999980926514,0.518197632318547
4.268488,216,0.519999980926514,0.518197632318547
4.277941,217,0.519999980926514,0.518197632318547
4.28641,218,0.519999980926514,0.518197632318547
4.295568,219,0.519999980926514,0.518197632318547
4.30511,220,0.519999980926514,0.518197632318547
4.313527,221,0.519999980926514,0.51759155321642
4.32367,222,0.519999980926514,0.51759155321642
4.332054,223,0.519999980926514,0.518197632318547
4.342391,224,0.519999980926514,0.518197632318547
4.352301,225,0.519999980926514,0.518197632318547
4.361608,226,0.519999980926514,0.518197632318547
4.371863,227,0.519999980926514,0.518197632318547
4.382113,228,0.519999980926514,0.518197632318547
4.392311,229,0.519999980926514,0.518197632318547
4.400658,230,0.519999980926514,0.518197632318547
4.410968,231,0.519999980926514,0.518197632318547
4.421346,232,0.519999980926514,0.518197632318547
4.435031,233,0.519999980926514,0.518197632318547
4.440114,234,0.519999980926514,0.518197632318547
4.448848,235,0.519999980926514,0.518197632318547
4.45921,236,0.519999980926514,0.518197632318547
4.469407,237,0.519999980926514,0.518197632318547
4.478561,238,0.519999980926514,0.518197632318547
4.488768,239,0.519999980926514,0.518197632318547
4.497458,240,0.519999980926514,0.518197632318547
4.50772,241,0.519999980926514,0.518197632318547
4.517045,242,0.519999980926514,0.518197632318547
4.527162,243,0.519999980926514,0.518197632318547
4.535712,244,0.519999980926514,0.518197632318547
4.544781,245,0.519999980926514,0.518197632318547
4.554192,246,0.519999980926514,0.518197632318547
4.562699,247,0.519999980926514,0.518197632318547
4.571239,248,0.519999980926514,0.518197632318547
4.581429,249,0.519999980926514,0.518197632318547
4.589771,250,0.519999980926514,0.518197632318547
4.600041,251,0.519999980926514,0.518197632318547
4.610581,252,0.519999980926514,0.518197632318547
4.61925,253,0.519999980926514,0.518197632318547
4.628105,254,0.519999980926514,0.518197632318547
4.638649,255,0.519999980926514,0.518197632318547
4.647882,256,0.519999980926514,0.518197632318547
4.657915,257,0.519999980926514,0.518197632318547
4.666368,258,0.519999980926514,0.518197632318547
4.676801,259,0.519999980926514,0.518197632318547
4.686506,260,0.519999980926514,0.518197632318547
4.697002,261,0.519999980926514,0.518197632318547
4.70623,262,0.519999980926514,0.518197632318547
4.71594,263,0.519999980926514,0.518197632318547
4.724358,264,0.519999980926514,0.518197632318547
4.733319,265,0.519999980926514,0.518197632318547
4.743941,266,0.519999980926514,0.518197632318547
4.75357,267,0.519999980926514,0.518197632318547
4.762424,268,0.519999980926514,0.518197632318547
4.772559,269,0.519999980926514,0.51759155321642
4.781301,270,0.519999980926514,0.518197632318547
4.791433,271,0.519999980926514,0.518197632318547
4.801225,272,0.519999980926514,0.518197632318547
4.80995,273,0.519999980926514,0.518197632318547
4.819026,274,0.519999980926514,0.518197632318547
4.829423,275,0.519999980926514,0.518197632318547
4.839719,276,0.519999980926514,0.518197632318547
4.848552,277,0.519999980926514,0.518197632318547
4.860306,278,0.519999980926514,0.518197632318547
4.870499,279,0.519999980926514,0.518197632318547
4.878912,280,0.519999980926514,0.518197632318547
4.887758,281,0.519999980926514,0.518197632318547
4.896667,282,0.519999980926514,0.518197632318547
4.905746,283,0.519999980926514,0.518197632318547
4.91592,284,0.519999980926514,0.518197632318547
4.925312,285,0.519999980926514,0.518197632318547
4.934744,286,0.519999980926514,0.518197632318547
4.945177,287,0.519999980926514,0.518197632318547
4.955249,288,0.519999980926514,0.518197632318547
4.963769,289,0.519999980926514,0.518197632318547
4.972418,290,0.519999980926514,0.518197632318547
4.982521,291,0.519999980926514,0.518197632318547
4.990858,292,0.519999980926514,0.518197632318547
5.0013,293,0.519999980926514,0.518197632318547
5.010203,294,0.519999980926514,0.518197632318547
5.018866,295,0.519999980926514,0.518197632318547
5.02915,296,0.519999980926514,0.518197632318547
5.039333,297,0.519999980926514,0.518197632318547
5.048568,298,0.519999980926514,0.518197632318547
5.058702,299,0.519999980926514,0.518197632318547
5.067305,300,0.519999980926514,0.518197632318547
5.076173,301,0.519999980926514,0.518197632318547
5.086552,302,0.519999980926514,0.518197632318547
5.096226,303,0.519999980926514,0.518197632318547
5.105381,304,0.519999980926514,0.518197632318547
5.115577,305,0.519999980926514,0.518197632318547
5.125839,306,0.519999980926514,0.518197632318547
5.136073,307,0.519999980926514,0.518197632318547
5.145973,308,0.519999980926514,0.518197632318547
5.154834,309,0.519999980926514,0.518197632318547
5.164604,310,0.519999980926514,0.518197632318547
5.173009,311,0.519999980926514,0.518197632318547
5.181678,312,0.519999980926514,0.518197632318547
5.191024,313,0.519999980926514,0.518197632318547
5.200547,314,0.519999980926514,0.518197632318547
5.209182,315,0.519999980926514,0.518197632318547
5.225296,316,0.519999980926514,0.518197632318547
5.236269,317,0.519999980926514,0.518197632318547
5.24641,318,0.519999980926514,0.518197632318547
5.256496,319,0.519999980926514,0.518197632318547
5.26622,320,0.519999980926514,0.518197632318547
5.274837,321,0.519999980926514,0.518197632318547
5.285129,322,0.519999980926514,0.518197632318547
5.294308,323,0.519999980926514,0.518197632318547
5.303069,324,0.519999980926514,0.518197632318547
5.313206,325,0.519999980926514,0.518197632318547
5.321977,326,0.519999980926514,0.518197632318547
5.332071,327,0.519999980926514,0.518197632318547
5.341217,328,0.519999980926514,0.518197632318547
5.351355,329,0.519999980926514,0.518197632318547
5.359869,330,0.519999980926514,0.518197632318547
5.368675,331,0.519999980926514,0.518197632318547
5.37718,332,0.519999980926514,0.518197632318547
5.387464,333,0.519999980926514,0.518197632318547
5.396515,334,0.519999980926514,0.518197632318547
5.405817,335,0.519999980926514,0.518197632318547
5.415438,336,0.519999980926514,0.518197632318547
5.424079,337,0.519999980926514,0.518197632318547
5.434392,338,0.519999980926514,0.518197632318547
5.443573,339,0.519999980926514,0.518197632318547
5.452767,340,0.519999980926514,0.518197632318547
5.462327,341,0.519999980926514,0.518197632318547
5.471179,342,0.519999980926514,0.518197632318547
5.480056,343,0.519999980926514,0.51759155321642
5.489474,344,0.519999980926514,0.518197632318547
5.498899,345,0.519999980926514,0.518197632318547
5.509339,346,0.519999980926514,0.518197632318547
5.519469,347,0.519999980926514,0.518197632318547
5.529381,348,0.519999980926514,0.518197632318547
5.538599,349,0.519999980926514,0.518197632318547
5.547762,350,0.519999980926514,0.518197632318547
5.558023,351,0.519999980926514,0.518197632318547
5.568464,352,0.519999980926514,0.518197632318547
5.578428,353,0.519999980926514,0.518197632318547
5.587917,354,0.519999980926514,0.518197632318547
5.597013,355,0.519999980926514,0.518197632318547
5.607101,356,0.519999980926514,0.518197632318547
5.617097,357,0.519999980926514,0.518197632318547
5.626898,358,0.519999980926514,0.518197632318547
5.635509,359,0.519999980926514,0.518197632318547
5.64612,360,0.519999980926514,0.518197632318547
5.654732,361,0.519999980926514,0.518197632318547
5.663247,362,0.519999980926514,0.518197632318547
5.67254,363,0.519999980926514,0.51759155321642
5.681035,364,0.519999980926514,0.51759155321642
5.689517,365,0.519999980926514,0.51759155321642
5.698272,366,0.519999980926514,0.518197632318547
5.708318,367,0.519999980926514,0.518197632318547
5.718459,368,0.519999980926514,0.51759155321642
5.729221,369,0.519999980926514,0.518197632318547
5.738853,370,0.519999980926514,0.518197632318547
5.748112,371,0.519999980926514,0.51759155321642
5.756644,372,0.519999980926514,0.51759155321642
5.765164,373,0.519999980926514,0.518197632318547
5.775216,374,0.519999980926514,0.51759155321642
5.783806,375,0.519999980926514,0.51759155321642
5.792316,376,0.519999980926514,0.51759155321642
5.80208,377,0.519999980926514,0.51759155321642
5.810612,378,0.519999980926514,0.518197632318547
5.819916,379,0.519999980926514,0.51759155321642
5.828602,380,0.519999980926514,0.51759155321642
5.838764,381,0.519999980926514,0.51759155321642
5.848092,382,0.519999980926514,0.51759155321642
5.857069,383,0.519999980926514,0.51759155321642
5.86691,384,0.519999980926514,0.51759155321642
5.875866,385,0.519999980926514,0.51759155321642
5.884547,386,0.519999980926514,0.51759155321642
5.893,387,0.519999980926514,0.51759155321642
5.903429,388,0.519999980926514,0.51759155321642
5.912279,389,0.519999980926514,0.51759155321642
5.921126,390,0.519999980926514,0.51759155321642
5.930017,391,0.519999980926514,0.51759155321642
5.938598,392,0.519999980926514,0.51759155321642
5.949872,393,0.519999980926514,0.51759155321642
5.959552,394,0.519999980926514,0.51759155321642
5.968214,395,0.519999980926514,0.51759155321642
5.978465,396,0.519999980926514,0.51759155321642
5.986977,397,0.519999980926514,0.51759155321642
5.995353,398,0.519999980926514,0.51759155321642
6.00375,399,0.519999980926514,0.51759155321642
6.013273,400,0.519999980926514,0.51759155321642
6.021523,401,0.519999980926514,0.51759155321642
6.030282,402,0.519999980926514,0.51759155321642
6.039297,403,0.519999980926514,0.51759155321642
6.049575,404,0.519999980926514,0.51759155321642
6.058315,405,0.519999980926514,0.51759155321642
6.067773,406,0.519999980926514,0.51759155321642
6.076288,407,0.519999980926514,0.51759155321642
6.084971,408,0.519999980926514,0.51759155321642
6.09342,409,0.519999980926514,0.51759155321642
6.104351,410,0.519999980926514,0.51759155321642
6.114195,411,0.519999980926514,0.51759155321642
6.12466,412,0.519999980926514,0.51759155321642
6.133774,413,0.519999980926514,0.51759155321642
6.144439,414,0.519999980926514,0.51759155321642
6.153428,415,0.519999980926514,0.51759155321642
6.162023,416,0.519999980926514,0.51759155321642
6.170919,417,0.519999980926514,0.51759155321642
6.17929,418,0.519999980926514,0.51759155321642
6.188406,419,0.519999980926514,0.51759155321642
6.196758,420,0.519999980926514,0.51759155321642
6.205094,421,0.519999980926514,0.51759155321642
6.215512,422,0.519999980926514,0.51759155321642
6.224225,423,0.519999980926514,0.51759155321642
6.233394,424,0.519999980926514,0.51759155321642
6.243613,425,0.519999980926514,0.51759155321642
6.252771,426,0.519999980926514,0.51759155321642
6.261226,427,0.519999980926514,0.51759155321642
6.271528,428,0.519999980926514,0.51759155321642
6.280589,429,0.519999980926514,0.51759155321642
6.289238,430,0.519999980926514,0.51759155321642
6.299319,431,0.519999980926514,0.51759155321642
6.308542,432,0.519999980926514,0.51759155321642
6.31879,433,0.519999980926514,0.51759155321642
6.329002,434,0.519999980926514,0.51759155321642
6.339227,435,0.519999980926514,0.51759155321642
6.348523,436,0.519999980926514,0.51759155321642
6.358991,437,0.519999980926514,0.51759155321642
6.368495,438,0.519999980926514,0.51759155321642
6.378372,439,0.519999980926514,0.51759155321642
6.38664,440,0.519999980926514,0.51759155321642
6.396939,441,0.519999980926514,0.51759155321642
6.406704,442,0.519999980926514,0.51759155321642
6.415807,443,0.519999980926514,0.518197632318547
6.425455,444,0.519999980926514,0.51759155321642
6.43463,445,0.519999980926514,0.51759155321642
6.444973,446,0.519999980926514,0.51759155321642
6.453682,447,0.519999980926514,0.518197632318547
6.464225,448,0.519999980926514,0.518197632318547
6.473946,449,0.519999980926514,0.518197632318547
6.48348,450,0.519999980926514,0.518197632318547
6.492137,451,0.519999980926514,0.518197632318547
6.502177,452,0.519999980926514,0.51759155321642
6.512874,453,0.519999980926514,0.51759155321642
6.52192,454,0.519999980926514,0.51759155321642
6.530661,455,0.519999980926514,0.518197632318547
6.539225,456,0.519999980926514,0.51759155321642
6.548193,457,0.519999980926514,0.518197632318547
6.558441,458,0.519999980926514,0.518197632318547
6.567333,459,0.519999980926514,0.518197632318547
6.576131,460,0.519999980926514,0.51759155321642
6.585558,461,0.519999980926514,0.51759155321642
6.594469,462,0.519999980926514,0.518197632318547
6.604712,463,0.519999980926514,0.518197632318547
6.614991,464,0.519999980926514,0.518197632318547
6.625403,465,0.519999980926514,0.51759155321642
6.634768,466,0.519999980926514,0.51759155321642
6.644358,467,0.519999980926514,0.518197632318547
6.653974,468,0.519999980926514,0.518197632318547
6.664052,469,0.519999980926514,0.518197632318547
6.672523,470,0.519999980926514,0.518197632318547
6.681701,471,0.519999980926514,0.51759155321642
6.690967,472,0.519999980926514,0.518197632318547
6.701361,473,0.519999980926514,0.518197632318547
6.709936,474,0.519999980926514,0.518197632318547
6.719714,475,0.520999980974011,0.518197632318547
6.72822,476,0.521999981021509,0.518197632318547
6.738609,477,0.522999981069006,0.518197632318547
6.74799,478,0.523999981116503,0.518197632318547
6.757421,479,0.524999981164001,0.518197632318547
6.766435,480,0.525999981211498,0.518803711420674
6.775299,481,0.526999981258996,0.520015869624927
6.784622,482,0.527999981306493,0.521228027829181
6.793989,483,0.528999981353991,0.521834106931308
6.803948,484,0.529999981401488,0.523046265135562
6.814691,485,0.530999981448986,0.523046265135562
6.824248,486,0.531999981496483,0.527288818850451
6.832773,487,0.532999981543981,0.528500977054705
6.843003,488,0.533999981591478,0.529107056156832
6.851884,489,0.534999981638975,0.530319214361086
6.862443,490,0.535999981686473,0.53153137256534
6.873109,491,0.53699998173397,0.532743530769594
6.881788,492,0.537999981781468,0.534561768075975
6.89075,493,0.538999981828965,0.535167847178101
6.901085,494,0.539999981876463,0.535773926280228
6.909867,495,0.54099998192396,0.536986084484482
6.920872,496,0.541999981971458,0.536986084484482
6.931172,497,0.542999982018955,0.538804321790863
6.939573,498,0.543999982066453,0.53941040089299
6.949674,499,0.54499998211395,0.540622559097244
6.959035,500,0.545999982161447,0.541228638199371
6.967427,501,0.546999982208945,0.541228638199371
6.978942,502,0.547999982256442,0.541834717301498
6.988605,503,0.54899998230394,0.543652954607879
6.997713,504,0.549999982351437,0.544259033710006
7.006351,505,0.550999982398935,0.544865112812133
7.01672,506,0.551999982446432,0.546077271016387
7.025106,507,0.55299998249393,0.546683350118514
7.035854,508,0.553999982541427,0.547289429220641
7.045458,509,0.554999982588924,0.549107666527021
7.053905,510,0.555999982636422,0.549713745629148
7.062366,511,0.556999982683919,0.550925903833402
7.070759,512,0.557999982731417,0.552138062037656
7.079361,513,0.558999982778914,0.552744141139783
7.088279,514,0.559999982826412,0.55335022024191
7.097832,515,0.560999982873909,0.555168457548291
7.108044,516,0.561999982921407,0.557592773956799
7.116409,517,0.562999982968904,0.558804932161053
7.126726,518,0.563999983016402,0.560017090365307
7.137292,519,0.564999983063899,0.560623169467434
7.147024,520,0.565999983111396,0.56122924856956
7.155407,521,0.566999983158894,0.562441406773814
7.163897,522,0.567999983206391,0.564259644080195
7.174108,523,0.568999983253889,0.564865723182322
7.18245,524,0.569999983301386,0.566077881386576
7.193616,525,0.570999983348884,0.566683960488703
7.20387,526,0.571999983396381,0.566683960488703
7.212589,527,0.572999983443879,0.568502197795084
7.221514,528,0.573999983491376,0.569108276897211
7.230985,529,0.574999983538873,0.570320435101465
7.239831,530,0.575999983586371,0.570926514203592
7.24864,531,0.576999983633868,0.570926514203592
7.257057,532,0.577999983681366,0.571532593305719
7.266286,533,0.578999983728863,0.5733508306121
7.276471,534,0.579999983776361,0.574562988816353
7.28681,535,0.580999983823858,0.57516906791848
7.29688,536,0.581999983871356,0.575775147020608
7.305632,537,0.582999983918853,0.576381226122734
7.31495,538,0.583999983966351,0.576987305224861
7.323936,539,0.584999984013848,0.576987305224861
7.332277,540,0.585999984061345,0.579411621633369
7.341722,541,0.586999984108843,0.580623779837623
7.352753,542,0.58799998415634,0.581835938041877
7.363283,543,0.588999984203838,0.582442017144004
7.37196,544,0.589999984251335,0.583048096246131
7.380682,545,0.590999984298833,0.583048096246131
7.391205,546,0.59199998434633,0.586078491756766
7.400996,547,0.592999984393828,0.586684570858892
7.409578,548,0.593999984441325,0.58729064996102
7.419046,549,0.594999984488823,0.5891088872674
7.42849,550,0.59599998453632,0.590321045471654
7.437333,551,0.596999984583817,0.590321045471654
7.446002,552,0.597999984631315,0.592745361880162
7.455214,553,0.598999984678812,0.593957520084416
7.464218,554,0.59999998472631,0.59516967828867
7.4728,555,0.600999984773807,0.595775757390797
7.481647,556,0.601999984821305,0.596381836492924
7.491237,557,0.602999984868802,0.596381836492924
7.501427,558,0.6039999849163,0.599412232003559
7.51089,559,0.604999984963797,0.600018311105686
7.519273,560,0.605999985011294,0.600018311105686
7.527679,561,0.606999985058792,0.60123046930994
7.536384,562,0.607999985106289,0.602442627514193
7.544844,563,0.608999985153787,0.60304870661632
7.553498,564,0.609999985201284,0.603654785718447
7.562032,565,0.610999985248782,0.604260864820574
7.571843,566,0.611999985296279,0.605473023024828
7.580554,567,0.612999985343777,0.606079102126955
7.58894,568,0.613999985391274,0.606685181229082
7.600085,569,0.614999985438772,0.608503418535463
7.608809,570,0.615999985486269,0.609715576739717
7.619608,571,0.616999985533766,0.610927734943971
7.62831,572,0.617999985581264,0.611533814046098
7.63735,573,0.618999985628761,0.612745972250352
7.646252,574,0.619999985676259,0.613352051352479
7.655322,575,0.620999985723756,0.613958130454606
7.664342,576,0.621999985771254,0.616382446863114
7.674473,577,0.622999985818751,0.61698852596524
7.683529,578,0.623999985866249,0.618200684169494
7.691967,579,0.624999985913746,0.619412842373748
7.700996,580,0.625999985961244,0.619412842373748
7.709816,581,0.626999986008741,0.621837158782256
7.719294,582,0.519999980926514,0.622443237884383
7.728169,583,0.519999980926514,0.624261475190764
7.737074,584,0.519999980926514,0.624867554292891
7.746054,585,0.519999980926514,0.624867554292891
7.756061,586,0.519999980926514,0.624867554292891
7.764611,587,0.519999980926514,0.580017700735496
7.772963,588,0.519999980926514,0.564259644080195
7.781647,589,0.519999980926514,0.553956299344037
7.790275,590,0.519999980926514,0.546077271016387
7.800626,591,0.519999980926514,0.544259033710006
7.811245,592,0.519999980926514,0.541834717301498
7.820671,593,0.519999980926514,0.536986084484482
7.830941,594,0.519999980926514,0.535167847178101
7.841166,595,0.519999980926514,0.532743530769594
7.849527,596,0.519999980926514,0.532137451667467
7.860138,597,0.519999980926514,0.530319214361086
7.87003,598,0.519999980926514,0.530319214361086
7.879058,599,0.519999980926514,0.527288818850451
7.88926,600,0.519999980926514,0.526682739748324
7.897862,601,0.519999980926514,0.52547058154407
7.906967,602,0.519999980926514,0.524864502441943
7.917629,603,0.519999980926514,0.524258423339816
7.927632,604,0.519999980926514,0.523652344237689
7.936681,605,0.519999980926514,0.522440186033435
7.945181,606,0.519999980926514,0.522440186033435
7.953766,607,0.519999980926514,0.521834106931308
7.962135,608,0.519999980926514,0.521228027829181
7.971553,609,0.519999980926514,0.521228027829181
7.981366,610,0.519999980926514,0.521228027829181
7.991614,611,0.519999980926514,0.520015869624927
8.001884,612,0.519999980926514,0.520015869624927
8.011891,613,0.519999980926514,0.519409790522801
8.020343,614,0.519999980926514,0.519409790522801
8.030881,615,0.519999980926514,0.519409790522801
8.039948,616,0.519999980926514,0.519409790522801
8.048519,617,0.519999980926514,0.518803711420674
8.05776,618,0.519999980926514,0.519409790522801
8.066834,619,0.519999980926514,0.518803711420674
8.07564,620,0.519999980926514,0.518803711420674
8.086235,621,0.519999980926514,0.518803711420674
8.09611,622,0.519999980926514,0.518803711420674
8.105473,623,0.519999980926514,0.518803711420674
8.115014,624,0.519999980926514,0.518803711420674
8.123789,625,0.519999980926514,0.518803711420674
8.133115,626,0.519999980926514,0.518803711420674
8.143304,627,0.519999980926514,0.518197632318547
8.153468,628,0.519999980926514,0.518197632318547
8.163087,629,0.519999980926514,0.518197632318547
8.171618,630,0.519999980926514,0.518197632318547
8.180792,631,0.519999980926514,0.518197632318547
8.192249,632,0.519999980926514,0.51759155321642
8.202332,633,0.519999980926514,0.518197632318547
8.211326,634,0.519999980926514,0.518197632318547
8.220061,635,0.519999980926514,0.51759155321642
8.230334,636,0.519999980926514,0.51759155321642
8.238842,637,0.519999980926514,0.51759155321642
8.24793,638,0.519999980926514,0.51759155321642
8.25749,639,0.519999980926514,0.51759155321642
8.265909,640,0.519999980926514,0.51759155321642
8.276051,641,0.519999980926514,0.51759155321642
8.286389,642,0.519999980926514,0.51759155321642
8.296504,643,0.519999980926514,0.51759155321642
8.306663,644,0.519999980926514,0.51759155321642
8.316539,645,0.519999980926514,0.51759155321642
8.325022,646,0.519999980926514,0.516985474114293
8.334339,647,0.519999980926514,0.516985474114293
8.343608,648,0.519999980926514,0.516985474114293
8.3528,649,0.519999980926514,0.516985474114293
8.362908,650,0.519999980926514,0.516985474114293
8.372163,651,0.519999980926514,0.516985474114293
8.380693,652,0.519999980926514,0.516985474114293
8.389047,653,0.519999980926514,0.516985474114293
8.399371,654,0.519999980926514,0.516985474114293
8.40824,655,0.519999980926514,0.516985474114293
8.417078,656,0.519999980926514,0.516379395012166
8.427266,657,0.519999980926514,0.516379395012166
8.437274,658,0.519999980926514,0.516379395012166
8.445691,659,0.519999980926514,0.516379395012166
8.454189,660,0.519999980926514,0.516379395012166
8.462598,661,0.519999980926514,0.516379395012166
8.472364,662,0.519999980926514,0.516379395012166
8.481098,663,0.519999980926514,0.516379395012166
8.490323,664,0.519999980926514,0.516985474114293
8.500938,665,0.519999980926514,0.516379395012166
8.509526,666,0.519999980926514,0.516379395012166
8.51914,667,0.519999980926514,0.515773315910039
8.529635,668,0.519999980926514,0.515773315910039
8.539723,669,0.519999980926514,0.516379395012166
8.549917,670,0.519999980926514,0.516379395012166
8.560198,671,0.519999980926514,0.516379395012166
8.568551,672,0.519999980926514,0.515773315910039
8.577285,673,0.519999980926514,0.516379395012166
8.587764,674,0.519999980926514,0.515773315910039
8.597115,675,0.519999980926514,0.515773315910039
8.606109,676,0.519999980926514,0.515773315910039
8.616409,677,0.519999980926514,0.515773315910039
8.626005,678,0.519999980926514,0.515773315910039
8.635157,679,0.519999980926514,0.515167236807912
8.644438,680,0.519999980926514,0.515773315910039
8.65361,681,0.519999980926514,0.515773315910039
8.662735,682,0.519999980926514,0.515773315910039
8.672983,683,0.519999980926514,0.515773315910039
8.681463,684,0.519999980926514,0.515773315910039
8.689872,685,0.519999980926514,0.515167236807912
8.70083,686,0.519999980926514,0.515167236807912
8.710358,687,0.519999980926514,0.515773315910039
8.720092,688,0.519999980926514,0.515773315910039
8.73034,689,0.519999980926514,0.515167236807912
8.738818,690,0.519999980926514,0.515167236807912
8.749084,691,0.519999980926514,0.515167236807912
8.759756,692,0.519999980926514,0.515167236807912
8.770308,693,0.519999980926514,0.515167236807912
8.778831,694,0.519999980926514,0.514561157705785
8.787434,695,0.519999980926514,0.514561157705785
8.798225,696,0.519999980926514,0.514561157705785
8.80728,697,0.519999980926514,0.515167236807912
8.817538,698,0.519999980926514,0.514561157705785
8.826834,699,0.519999980926514,0.514561157705785
8.836624,700,0.519999980926514,0.514561157705785
8.84527,701,0.519999980926514,0.514561157705785
8.8544,702,0.519999980926514,0.514561157705785
8.863551,703,0.519999980926514,0.514561157705785
8.873475,704,0.519999980926514,0.514561157705785
8.883433,705,0.519999980926514,0.514561157705785
8.892142,706,0.519999980926514,0.514561157705785
8.901018,707,0.519999980926514,0.514561157705785
8.909575,708,0.519999980926514,0.514561157705785
8.918907,709,0.519999980926514,0.514561157705785
8.92768,710,0.519999980926514,0.513955078603658
8.937566,711,0.519999980926514,0.513955078603658
8.945954,712,0.519999980926514,0.514561157705785
8.954549,713,0.519999980926514,0.513955078603658
8.964112,714,0.519999980926514,0.514561157705785
8.972994,715,0.519999980926514,0.513955078603658
8.983063,716,0.519999980926514,0.513955078603658
8.993023,717,0.519999980926514,0.513955078603658
9.00213,718,0.519999980926514,0.513955078603658
9.012501,719,0.519999980926514,0.513955078603658
9.022768,720,0.519999980926514,0.513955078603658
9.032938,721,0.519999980926514,0.513348999501531
9.043886,722,0.519999980926514,0.513348999501531
9.053077,723,0.519999980926514,0.513955078603658
9.063313,724,0.519999980926514,0.513348999501531
9.073983,725,0.519999980926514,0.513955078603658
9.084105,726,0.519999980926514,0.513348999501531
9.092448,727,0.519999980926514,0.513348999501531
9.103217,728,0.519999980926514,0.513348999501531
9.114027,729,0.519999980926514,0.513348999501531
9.122581,730,0.519999980926514,0.513348999501531
9.132443,731,0.519999980926514,0.513348999501531
9.141624,732,0.519999980926514,0.513348999501531
9.15116,733,0.519999980926514,0.513348999501531
9.161188,734,0.519999980926514,0.513348999501531
9.170273,735,0.519999980926514,0.513348999501531
9.178743,736,0.519999980926514,0.513348999501531
9.187672,737,0.519999980926514,0.513348999501531
9.196814,738,0.519999980926514,0.513348999501531
9.207354,739,0.519999980926514,0.513348999501531
9.216532,740,0.519999980926514,0.513348999501531
9.225007,741,0.519999980926514,0.512742920399404
9.233368,742,0.519999980926514,0.512742920399404
9.243761,743,0.519999980926514,0.512742920399404
9.252331,744,0.519999980926514,0.512742920399404
9.261695,745,0.519999980926514,0.512742920399404
9.271165,746,0.519999980926514,0.512742920399404
9.281447,747,0.519999980926514,0.512742920399404
9.291733,748,0.519999980926514,0.512742920399404
9.302117,749,0.519999980926514,0.512742920399404
9.312205,750,0.519999980926514,0.512742920399404
9.322809,751,0.519999980926514,0.512136841297277
9.332686,752,0.519999980926514,0.512136841297277
9.341271,753,0.519999980926514,0.513348999501531
9.350438,754,0.519999980926514,0.513348999501531
9.36787,755,0.519999980926514,0.515167236807912
9.379076,756,0.519999980926514,0.515773315910039
9.388348,757,0.519999980926514,0.515773315910039
9.397061,758,0.519999980926514,0.516985474114293
9.406288,759,0.519999980926514,0.51759155321642
9.41631,760,0.519999980926514,0.51759155321642
9.426217,761,0.519999980926514,0.51759155321642
9.435438,762,0.519999980926514,0.518197632318547
9.446064,763,0.519999980926514,0.518197632318547
9.454938,764,0.519999980926514,0.518197632318547
