Time [s] , Frame nr,Sent pressure 0,Received pressure 0
1.767205,0,0.519999980926514,0.505469971173881
1.770466,1,0.519999980926514,0.505469971173881
2.235094,2,0.519999980926514,0.518803711420674
2.26557,3,0.519999980926514,0.518803711420674
2.275212,4,0.519999980926514,0.518803711420674
2.283825,5,0.519999980926514,0.518803711420674
2.292702,6,0.519999980926514,0.518803711420674
2.301969,7,0.519999980926514,0.518803711420674
2.311152,8,0.519999980926514,0.518803711420674
2.32018,9,0.519999980926514,0.518197632318547
2.329748,10,0.519999980926514,0.518803711420674
2.338086,11,0.519999980926514,0.518803711420674
2.348562,12,0.519999980926514,0.518803711420674
2.358522,13,0.519999980926514,0.518803711420674
2.368804,14,0.519999980926514,0.518803711420674
2.378851,15,0.519999980926514,0.518803711420674
2.387263,16,0.519999980926514,0.518803711420674
2.397468,17,0.519999980926514,0.518803711420674
2.409975,18,0.519999980926514,0.518803711420674
2.419566,19,0.519999980926514,0.518803711420674
2.430599,20,0.519999980926514,0.518803711420674
2.440208,21,0.519999980926514,0.518197632318547
2.450533,22,0.519999980926514,0.518803711420674
2.460694,23,0.519999980926514,0.518803711420674
2.471973,24,0.519999980926514,0.518803711420674
2.481327,25,0.519999980926514,0.518803711420674
2.490827,26,0.519999980926514,0.518803711420674
2.500715,27,0.519999980926514,0.518803711420674
2.510926,28,0.519999980926514,0.518803711420674
2.520019,29,0.519999980926514,0.518803711420674
2.528567,30,0.519999980926514,0.518803711420674
2.538107,31,0.519999980926514,0.518803711420674
2.547318,32,0.519999980926514,0.518197632318547
2.556204,33,0.519999980926514,0.518803711420674
2.564683,34,0.519999980926514,0.518803711420674
2.575799,35,0.519999980926514,0.518803711420674
2.585346,36,0.519999980926514,0.518803711420674
2.595998,37,0.519999980926514,0.518197632318547
2.605612,38,0.519999980926514,0.518803711420674
2.614305,39,0.519999980926514,0.518803711420674
2.623075,40,0.519999980926514,0.518803711420674
2.633612,41,0.519999980926514,0.518803711420674
2.643687,42,0.519999980926514,0.518803711420674
2.653849,43,0.519999980926514,0.518803711420674
2.664257,44,0.519999980926514,0.518803711420674
2.672887,45,0.519999980926514,0.518803711420674
2.682609,46,0.519999980926514,0.518803711420674
2.691297,47,0.519999980926514,0.518803711420674
2.702144,48,0.519999980926514,0.518803711420674
2.711007,49,0.519999980926514,0.518197632318547
2.721007,50,0.519999980926514,0.518803711420674
2.73139,51,0.519999980926514,0.518803711420674
2.739995,52,0.519999980926514,0.518803711420674
2.750211,53,0.519999980926514,0.518803711420674
2.760277,54,0.519999980926514,0.518803711420674
2.768656,55,0.519999980926514,0.518803711420674
2.778282,56,0.519999980926514,0.518803711420674
2.787989,57,0.519999980926514,0.518803711420674
2.798477,58,0.519999980926514,0.518803711420674
2.80907,59,0.519999980926514,0.518803711420674
2.817507,60,0.519999980926514,0.518803711420674
2.826471,61,0.519999980926514,0.518197632318547
2.836805,62,0.519999980926514,0.518803711420674
2.846687,63,0.519999980926514,0.518803711420674
2.855937,64,0.519999980926514,0.518803711420674
2.864599,65,0.519999980926514,0.518803711420674
2.873588,66,0.519999980926514,0.518197632318547
2.884425,67,0.519999980926514,0.518803711420674
2.895136,68,0.519999980926514,0.518803711420674
2.903829,69,0.519999980926514,0.518803711420674
2.912751,70,0.519999980926514,0.518803711420674
2.923563,71,0.519999980926514,0.518803711420674
2.932333,72,0.519999980926514,0.518803711420674
2.941991,73,0.519999980926514,0.518803711420674
2.95273,74,0.519999980926514,0.518803711420674
2.964382,75,0.519999980926514,0.518803711420674
2.973658,76,0.519999980926514,0.518803711420674
2.987459,77,0.519999980926514,0.518803711420674
2.998332,78,0.519999980926514,0.518803711420674
3.0081,79,0.519999980926514,0.518803711420674
3.016569,80,0.519999980926514,0.518803711420674
3.027134,81,0.519999980926514,0.518803711420674
3.038293,82,0.519999980926514,0.518803711420674
3.048122,83,0.519999980926514,0.518803711420674
3.057328,84,0.519999980926514,0.518803711420674
3.067075,85,0.519999980926514,0.518803711420674
3.076699,86,0.519999980926514,0.518803711420674
3.08537,87,0.519999980926514,0.519409790522801
3.095691,88,0.519999980926514,0.518803711420674
3.106705,89,0.519999980926514,0.518803711420674
3.115494,90,0.519999980926514,0.518803711420674
3.125251,91,0.519999980926514,0.518803711420674
3.133994,92,0.519999980926514,0.518803711420674
3.143376,93,0.519999980926514,0.518803711420674
3.152339,94,0.519999980926514,0.519409790522801
3.16179,95,0.519999980926514,0.519409790522801
3.171683,96,0.519999980926514,0.519409790522801
3.180223,97,0.519999980926514,0.518803711420674
3.18925,98,0.519999980926514,0.518803711420674
3.199695,99,0.519999980926514,0.518803711420674
3.209768,100,0.519999980926514,0.519409790522801
3.218951,101,0.519999980926514,0.519409790522801
3.22856,102,0.519999980926514,0.518803711420674
3.23829,103,0.519999980926514,0.518803711420674
3.246902,104,0.519999980926514,0.518803711420674
3.255378,105,0.519999980926514,0.518803711420674
3.264348,106,0.519999980926514,0.518803711420674
3.272957,107,0.519999980926514,0.518803711420674
3.283311,108,0.519999980926514,0.519409790522801
3.291888,109,0.519999980926514,0.518803711420674
3.301663,110,0.519999980926514,0.518803711420674
3.312783,111,0.519999980926514,0.519409790522801
3.321151,112,0.519999980926514,0.518803711420674
3.330634,113,0.519999980926514,0.518803711420674
3.340805,114,0.519999980926514,0.518803711420674
3.349597,115,0.519999980926514,0.518803711420674
3.35867,116,0.519999980926514,0.518803711420674
3.367473,117,0.519999980926514,0.519409790522801
3.377513,118,0.519999980926514,0.518803711420674
3.387394,119,0.519999980926514,0.519409790522801
3.398009,120,0.519999980926514,0.519409790522801
3.408462,121,0.519999980926514,0.518803711420674
3.417006,122,0.519999980926514,0.518803711420674
3.425686,123,0.519999980926514,0.518803711420674
3.434137,124,0.519999980926514,0.518803711420674
3.442588,125,0.519999980926514,0.518803711420674
3.452589,126,0.519999980926514,0.518803711420674
3.46143,127,0.519999980926514,0.519409790522801
3.471374,128,0.519999980926514,0.519409790522801
3.480697,129,0.519999980926514,0.519409790522801
3.489451,130,0.519999980926514,0.518803711420674
3.498701,131,0.519999980926514,0.519409790522801
3.507703,132,0.519999980926514,0.518803711420674
3.517028,133,0.519999980926514,0.518803711420674
3.526277,134,0.519999980926514,0.518803711420674
3.537386,135,0.519999980926514,0.518803711420674
3.546199,136,0.519999980926514,0.518803711420674
3.555731,137,0.519999980926514,0.518803711420674
3.565685,138,0.519999980926514,0.518803711420674
3.574793,139,0.519999980926514,0.518803711420674
3.583762,140,0.519999980926514,0.518803711420674
3.593738,141,0.519999980926514,0.518803711420674
3.602388,142,0.519999980926514,0.518803711420674
3.61313,143,0.519999980926514,0.518803711420674
3.622827,144,0.519999980926514,0.518803711420674
3.632165,145,0.519999980926514,0.518803711420674
3.64048,146,0.519999980926514,0.518803711420674
3.64991,147,0.519999980926514,0.518803711420674
3.660085,148,0.519999980926514,0.518803711420674
3.669168,149,0.519999980926514,0.518803711420674
3.678171,150,0.519999980926514,0.518803711420674
3.687644,151,0.519999980926514,0.519409790522801
3.696732,152,0.519999980926514,0.518803711420674
3.706187,153,0.519999980926514,0.519409790522801
3.715469,154,0.519999980926514,0.518803711420674
3.725808,155,0.519999980926514,0.518803711420674
3.735083,156,0.519999980926514,0.518803711420674
3.745512,157,0.519999980926514,0.518803711420674
3.754057,158,0.519999980926514,0.518803711420674
3.763344,159,0.519999980926514,0.518803711420674
3.773794,160,0.519999980926514,0.518803711420674
3.784605,161,0.519999980926514,0.518803711420674
3.794084,162,0.519999980926514,0.518803711420674
3.804374,163,0.519999980926514,0.518803711420674
3.815783,164,0.519999980926514,0.518803711420674
3.825503,165,0.519999980926514,0.518803711420674
3.839965,166,0.519999980926514,0.518803711420674
3.849597,167,0.519999980926514,0.518803711420674
3.858756,168,0.519999980926514,0.518803711420674
3.869077,169,0.519999980926514,0.518803711420674
3.878548,170,0.519999980926514,0.518803711420674
3.887906,171,0.519999980926514,0.518803711420674
3.89832,172,0.519999980926514,0.518803711420674
3.908009,173,0.519999980926514,0.518803711420674
3.916946,174,0.519999980926514,0.518803711420674
3.92679,175,0.519999980926514,0.518803711420674
3.93573,176,0.519999980926514,0.518803711420674
3.946004,177,0.519999980926514,0.518803711420674
3.955184,178,0.519999980926514,0.518803711420674
3.964734,179,0.519999980926514,0.518803711420674
3.973216,180,0.519999980926514,0.518803711420674
3.982789,181,0.519999980926514,0.518803711420674
3.9921,182,0.519999980926514,0.518803711420674
4.001412,183,0.519999980926514,0.518803711420674
4.010068,184,0.519999980926514,0.518803711420674
4.01952,185,0.519999980926514,0.518803711420674
4.027987,186,0.519999980926514,0.518803711420674
4.036912,187,0.519999980926514,0.518803711420674
4.045431,188,0.519999980926514,0.518803711420674
4.054853,189,0.519999980926514,0.518803711420674
4.06436,190,0.519999980926514,0.518803711420674
4.073927,191,0.519999980926514,0.518803711420674
4.084163,192,0.519999980926514,0.518803711420674
4.093128,193,0.519999980926514,0.518803711420674
4.103773,194,0.519999980926514,0.518803711420674
4.114546,195,0.519999980926514,0.518803711420674
4.124675,196,0.519999980926514,0.518803711420674
4.133393,197,0.519999980926514,0.518803711420674
4.141693,198,0.519999980926514,0.518803711420674
4.151443,199,0.519999980926514,0.518803711420674
4.159885,200,0.519999980926514,0.518803711420674
4.170269,201,0.519999980926514,0.518803711420674
4.180576,202,0.519999980926514,0.518803711420674
4.189355,203,0.519999980926514,0.518803711420674
4.198546,204,0.519999980926514,0.518803711420674
4.207067,205,0.519999980926514,0.518803711420674
4.215868,206,0.519999980926514,0.518803711420674
4.224337,207,0.519999980926514,0.519409790522801
4.234413,208,0.519999980926514,0.519409790522801
4.243475,209,0.519999980926514,0.518803711420674
4.252923,210,0.519999980926514,0.518803711420674
4.262539,211,0.519999980926514,0.518803711420674
4.271927,212,0.519999980926514,0.518803711420674
4.280805,213,0.519999980926514,0.518803711420674
4.290833,214,0.519999980926514,0.518803711420674
4.300005,215,0.519999980926514,0.518803711420674
4.309991,216,0.519999980926514,0.518803711420674
4.319294,217,0.519999980926514,0.518803711420674
4.328166,218,0.519999980926514,0.518803711420674
4.338195,219,0.519999980926514,0.518803711420674
4.347673,220,0.519999980926514,0.518803711420674
4.356089,221,0.519999980926514,0.518803711420674
4.366304,222,0.519999980926514,0.518803711420674
4.376032,223,0.519999980926514,0.519409790522801
4.384596,224,0.519999980926514,0.518803711420674
4.395297,225,0.519999980926514,0.519409790522801
4.404646,226,0.519999980926514,0.519409790522801
4.414904,227,0.519999980926514,0.518803711420674
4.423453,228,0.519999980926514,0.518803711420674
4.433374,229,0.519999980926514,0.519409790522801
4.44259,230,0.519999980926514,0.519409790522801
4.452868,231,0.519999980926514,0.518803711420674
4.463091,232,0.519999980926514,0.518803711420674
4.47318,233,0.519999980926514,0.519409790522801
4.48283,234,0.519999980926514,0.519409790522801
4.493107,235,0.519999980926514,0.519409790522801
4.503149,236,0.519999980926514,0.518803711420674
4.514159,237,0.519999980926514,0.518803711420674
4.523862,238,0.519999980926514,0.519409790522801
4.53362,239,0.519999980926514,0.518803711420674
4.543274,240,0.519999980926514,0.519409790522801
4.552233,241,0.519999980926514,0.518803711420674
4.561314,242,0.519999980926514,0.519409790522801
4.57038,243,0.519999980926514,0.518803711420674
4.579407,244,0.519999980926514,0.518803711420674
4.588893,245,0.519999980926514,0.519409790522801
4.598183,246,0.519999980926514,0.519409790522801
4.608501,247,0.519999980926514,0.518803711420674
4.619347,248,0.519999980926514,0.519409790522801
4.629536,249,0.519999980926514,0.518803711420674
4.638915,250,0.519999980926514,0.518803711420674
4.648953,251,0.519999980926514,0.518803711420674
4.659434,252,0.519999980926514,0.519409790522801
4.66866,253,0.519999980926514,0.519409790522801
4.678705,254,0.519999980926514,0.519409790522801
4.688359,255,0.519999980926514,0.518803711420674
4.701855,256,0.519999980926514,0.519409790522801
4.712104,257,0.519999980926514,0.518803711420674
4.722726,258,0.519999980926514,0.519409790522801
4.731756,259,0.519999980926514,0.518803711420674
4.740812,260,0.519999980926514,0.519409790522801
4.751208,261,0.520999980974011,0.519409790522801
4.760263,262,0.521999981021509,0.518803711420674
4.771357,263,0.522999981069006,0.518803711420674
4.780806,264,0.523999981116503,0.519409790522801
4.790647,265,0.524999981164001,0.520621948727054
4.799735,266,0.525999981211498,0.522440186033435
4.809046,267,0.526999981258996,0.524864502441943
4.819548,268,0.527999981306493,0.526682739748324
4.82884,269,0.528999981353991,0.527894897952578
4.838547,270,0.529999981401488,0.527894897952578
4.848833,271,0.530999981448986,0.528500977054705
4.858878,272,0.531999981496483,0.529713135258959
4.868577,273,0.532999981543981,0.530319214361086
4.878144,274,0.533999981591478,0.53153137256534
4.887115,275,0.534999981638975,0.532743530769594
4.896522,276,0.535999981686473,0.533955688973847
4.906277,277,0.53699998173397,0.534561768075975
4.915299,278,0.537999981781468,0.535773926280228
4.924222,279,0.538999981828965,0.536986084484482
4.933017,280,0.539999981876463,0.536986084484482
4.942585,281,0.54099998192396,0.538198242688736
4.951776,282,0.541999981971458,0.538804321790863
4.961114,283,0.542999982018955,0.540622559097244
4.970527,284,0.543999982066453,0.541228638199371
4.979901,285,0.54499998211395,0.541228638199371
4.988783,286,0.545999982161447,0.541228638199371
4.999187,287,0.546999982208945,0.543046875505752
5.008624,288,0.547999982256442,0.543652954607879
5.017442,289,0.54899998230394,0.546683350118514
5.027797,290,0.549999982351437,0.547895508322767
5.036678,291,0.550999982398935,0.549713745629148
5.045024,292,0.551999982446432,0.550319824731275
5.054918,293,0.55299998249393,0.550319824731275
5.064291,294,0.553999982541427,0.551531982935529
5.072969,295,0.554999982588924,0.551531982935529
5.081398,296,0.555999982636422,0.552744141139783
5.091241,297,0.556999982683919,0.552744141139783
5.099721,298,0.557999982731417,0.555774536650418
5.108486,299,0.558999982778914,0.556986694854672
5.117175,300,0.559999982826412,0.558804932161053
5.127904,301,0.560999982873909,0.560017090365307
5.138455,302,0.561999982921407,0.56122924856956
5.147686,303,0.562999982968904,0.56122924856956
5.157257,304,0.563999983016402,0.56122924856956
5.16623,305,0.564999983063899,0.561835327671688
5.176325,306,0.565999983111396,0.563653564978068
5.185943,307,0.566999983158894,0.565471802284449
5.194985,308,0.567999983206391,0.566683960488703
5.204657,309,0.568999983253889,0.567896118692957
5.213434,310,0.569999983301386,0.567896118692957
5.223828,311,0.570999983348884,0.568502197795084
5.233294,312,0.571999983396381,0.569714355999338
5.242668,313,0.572999983443879,0.570320435101465
5.252932,314,0.573999983491376,0.571532593305719
5.262274,315,0.574999983538873,0.572744751509973
5.271866,316,0.575999983586371,0.573956909714227
5.280525,317,0.576999983633868,0.574562988816353
5.289893,318,0.577999983681366,0.57516906791848
5.298326,319,0.578999983728863,0.576381226122734
5.308545,320,0.579999983776361,0.576987305224861
5.317658,321,0.580999983823858,0.578805542531242
5.328142,322,0.581999983871356,0.579411621633369
5.338146,323,0.582999983918853,0.58122985893975
5.348858,324,0.583999983966351,0.581835938041877
5.358953,325,0.584999984013848,0.582442017144004
5.368438,326,0.585999984061345,0.583048096246131
5.376835,327,0.586999984108843,0.583654175348258
5.38611,328,0.58799998415634,0.584260254450385
5.396226,329,0.588999984203838,0.586078491756766
5.406103,330,0.589999984251335,0.591533203675908
5.415003,331,0.590999984298833,0.592745361880162
5.424873,332,0.59199998434633,0.593957520084416
5.434083,333,0.592999984393828,0.593351440982289
5.443851,334,0.593999984441325,0.592745361880162
5.452425,335,0.594999984488823,0.592745361880162
5.461956,336,0.59599998453632,0.592745361880162
5.47218,337,0.596999984583817,0.592139282778035
5.481312,338,0.597999984631315,0.592745361880162
5.489835,339,0.598999984678812,0.59516967828867
5.500183,340,0.59999998472631,0.598200073799305
5.509808,341,0.600999984773807,0.60123046930994
5.519239,342,0.601999984821305,0.601836548412066
5.528648,343,0.602999984868802,0.602442627514193
5.537122,344,0.6039999849163,0.602442627514193
5.549483,345,0.604999984963797,0.601836548412066
5.559912,346,0.605999985011294,0.601836548412066
5.56936,347,0.606999985058792,0.60304870661632
5.579371,348,0.607999985106289,0.605473023024828
5.587949,349,0.608999985153787,0.606079102126955
5.596306,350,0.609999985201284,0.608503418535463
5.605758,351,0.610999985248782,0.608503418535463
5.615128,352,0.611999985296279,0.610321655841844
5.624418,353,0.612999985343777,0.610927734943971
5.63358,354,0.613999985391274,0.612139893148225
5.642611,355,0.614999985438772,0.613352051352479
5.651791,356,0.615999985486269,0.614564209556733
5.660253,357,0.616999985533766,0.614564209556733
5.670412,358,0.617999985581264,0.61517028865886
5.680367,359,0.618999985628761,0.61698852596524
5.689112,360,0.619999985676259,0.618200684169494
5.698129,361,0.620999985723756,0.619412842373748
5.707831,362,0.621999985771254,0.620018921475875
5.717698,363,0.622999985818751,0.620625000578002
5.726368,364,0.623999985866249,0.621837158782256
5.736279,365,0.624999985913746,0.623655396088637
5.746546,366,0.519999980926514,0.624867554292891
5.755931,367,0.519999980926514,0.626079712497145
5.765924,368,0.519999980926514,0.626079712497145
5.775451,369,0.519999980926514,0.558804932161053
5.785123,370,0.519999980926514,0.506076050276008
5.794296,371,0.519999980926514,0.505469971173881
5.804114,372,0.519999980926514,0.505469971173881
5.815012,373,0.519999980926514,0.504863892071754
5.824635,374,0.519999980926514,0.505469971173881
5.834201,375,0.519999980926514,0.506076050276008
5.843071,376,0.519999980926514,0.506076050276008
5.851756,377,0.519999980926514,0.506076050276008
5.861897,378,0.519999980926514,0.506076050276008
5.871928,379,0.519999980926514,0.506076050276008
5.88141,380,0.519999980926514,0.506076050276008
5.891308,381,0.519999980926514,0.506076050276008
5.90097,382,0.519999980926514,0.506682129378134
5.910753,383,0.519999980926514,0.506682129378134
5.919688,384,0.519999980926514,0.506682129378134
5.92897,385,0.519999980926514,0.507288208480261
5.938808,386,0.519999980926514,0.510924683093023
5.94941,387,0.519999980926514,0.512742920399404
5.959263,388,0.519999980926514,0.513955078603658
5.969701,389,0.519999980926514,0.514561157705785
5.978944,390,0.519999980926514,0.515167236807912
5.989216,391,0.519999980926514,0.515167236807912
5.999045,392,0.519999980926514,0.515773315910039
6.008674,393,0.519999980926514,0.515773315910039
6.01743,394,0.519999980926514,0.515773315910039
6.025852,395,0.519999980926514,0.516985474114293
6.035934,396,0.519999980926514,0.51759155321642
6.046082,397,0.519999980926514,0.51759155321642
6.056573,398,0.519999980926514,0.51759155321642
6.065549,399,0.519999980926514,0.518197632318547
6.074501,400,0.519999980926514,0.51759155321642
6.084729,401,0.519999980926514,0.518197632318547
6.094681,402,0.519999980926514,0.518197632318547
6.105234,403,0.519999980926514,0.518197632318547
6.11567,404,0.519999980926514,0.518197632318547
6.126043,405,0.519999980926514,0.518803711420674
6.134768,406,0.519999980926514,0.518803711420674
6.144877,407,0.519999980926514,0.519409790522801
6.155383,408,0.519999980926514,0.519409790522801
6.16467,409,0.519999980926514,0.519409790522801
6.174821,410,0.519999980926514,0.518803711420674
6.183543,411,0.519999980926514,0.518803711420674
6.193301,412,0.519999980926514,0.518803711420674
6.203582,413,0.519999980926514,0.519409790522801
6.21335,414,0.519999980926514,0.518803711420674
6.222538,415,0.519999980926514,0.518803711420674
6.231748,416,0.519999980926514,0.519409790522801
6.241416,417,0.519999980926514,0.518803711420674
6.250988,418,0.519999980926514,0.518803711420674
6.260988,419,0.519999980926514,0.519409790522801
6.270195,420,0.519999980926514,0.519409790522801
6.279447,421,0.519999980926514,0.519409790522801
6.289259,422,0.519999980926514,0.518803711420674
6.298886,423,0.519999980926514,0.518803711420674
6.308093,424,0.519999980926514,0.519409790522801
6.320032,425,0.519999980926514,0.518803711420674
6.330208,426,0.519999980926514,0.519409790522801
6.339735,427,0.519999980926514,0.518803711420674
6.349658,428,0.519999980926514,0.519409790522801
6.358669,429,0.519999980926514,0.519409790522801
6.368637,430,0.519999980926514,0.519409790522801
6.378068,431,0.519999980926514,0.519409790522801
6.387736,432,0.519999980926514,0.519409790522801
6.397653,433,0.519999980926514,0.518803711420674
6.406805,434,0.519999980926514,0.519409790522801
6.416245,435,0.519999980926514,0.519409790522801
6.424541,436,0.519999980926514,0.518803711420674
6.43522,437,0.519999980926514,0.519409790522801
6.445797,438,0.519999980926514,0.519409790522801
6.45576,439,0.519999980926514,0.519409790522801
6.465979,440,0.519999980926514,0.518803711420674
6.475744,441,0.519999980926514,0.518803711420674
6.486125,442,0.519999980926514,0.519409790522801
6.495211,443,0.519999980926514,0.518803711420674
6.505111,444,0.519999980926514,0.519409790522801
6.514653,445,0.519999980926514,0.519409790522801
6.523984,446,0.519999980926514,0.519409790522801
6.535012,447,0.519999980926514,0.519409790522801
6.545453,448,0.519999980926514,0.519409790522801
6.555807,449,0.519999980926514,0.518803711420674
6.566795,450,0.519999980926514,0.519409790522801
6.577293,451,0.519999980926514,0.519409790522801
6.586461,452,0.519999980926514,0.518803711420674
6.597612,453,0.519999980926514,0.518803711420674
6.606023,454,0.519999980926514,0.519409790522801
6.614378,455,0.519999980926514,0.518803711420674
6.623536,456,0.519999980926514,0.519409790522801
6.632351,457,0.519999980926514,0.519409790522801
6.641832,458,0.519999980926514,0.519409790522801
6.651819,459,0.519999980926514,0.519409790522801
6.662137,460,0.519999980926514,0.519409790522801
6.672194,461,0.519999980926514,0.519409790522801
6.681499,462,0.519999980926514,0.519409790522801
6.690485,463,0.519999980926514,0.518803711420674
6.700523,464,0.519999980926514,0.519409790522801
6.712469,465,0.519999980926514,0.518803711420674
6.722472,466,0.519999980926514,0.518803711420674
6.731412,467,0.519999980926514,0.519409790522801
6.743808,468,0.519999980926514,0.519409790522801
6.753228,469,0.519999980926514,0.519409790522801
6.763894,470,0.519999980926514,0.519409790522801
6.77506,471,0.519999980926514,0.519409790522801
6.784582,472,0.519999980926514,0.519409790522801
6.794279,473,0.519999980926514,0.519409790522801
6.803623,474,0.519999980926514,0.519409790522801
6.81453,475,0.519999980926514,0.518803711420674
6.823301,476,0.519999980926514,0.518803711420674
6.832315,477,0.519999980926514,0.518803711420674
6.840713,478,0.519999980926514,0.519409790522801
6.851262,479,0.519999980926514,0.519409790522801
6.862069,480,0.519999980926514,0.519409790522801
6.873176,481,0.519999980926514,0.519409790522801
6.882171,482,0.519999980926514,0.519409790522801
6.890626,483,0.519999980926514,0.519409790522801
6.900778,484,0.519999980926514,0.519409790522801
6.91117,485,0.519999980926514,0.518803711420674
6.919736,486,0.519999980926514,0.519409790522801
6.930361,487,0.519999980926514,0.519409790522801
6.939206,488,0.519999980926514,0.519409790522801
6.949582,489,0.519999980926514,0.519409790522801
6.959791,490,0.519999980926514,0.518803711420674
6.969565,491,0.519999980926514,0.519409790522801
6.979403,492,0.519999980926514,0.519409790522801
6.98808,493,0.519999980926514,0.519409790522801
6.997266,494,0.519999980926514,0.519409790522801
7.005683,495,0.519999980926514,0.519409790522801
7.01545,496,0.519999980926514,0.519409790522801
7.023963,497,0.519999980926514,0.518803711420674
7.033453,498,0.519999980926514,0.519409790522801
7.044208,499,0.519999980926514,0.519409790522801
7.054591,500,0.519999980926514,0.519409790522801
7.063441,501,0.519999980926514,0.518803711420674
7.072143,502,0.519999980926514,0.519409790522801
7.081216,503,0.519999980926514,0.519409790522801
7.090096,504,0.519999980926514,0.519409790522801
7.099857,505,0.519999980926514,0.519409790522801
7.110915,506,0.519999980926514,0.519409790522801
7.120529,507,0.519999980926514,0.519409790522801
7.129939,508,0.519999980926514,0.519409790522801
7.140124,509,0.519999980926514,0.519409790522801
7.150391,510,0.519999980926514,0.519409790522801
7.160431,511,0.519999980926514,0.519409790522801
7.170745,512,0.519999980926514,0.518803711420674
7.179808,513,0.519999980926514,0.519409790522801
7.194964,514,0.519999980926514,0.519409790522801
