Time [s] , Frame nr,Sent pressure 0,Received pressure 0
1.739409,0,0.519999980926514,0.505469971173881
1.742195,1,0.519999980926514,0.505469971173881
2.208321,2,0.519999980926514,0.505469971173881
2.234216,3,0.519999980926514,0.507894287582388
2.244505,4,0.519999980926514,0.507894287582388
2.254366,5,0.519999980926514,0.513348999501531
2.263568,6,0.519999980926514,0.515773315910039
2.272075,7,0.519999980926514,0.515773315910039
2.283139,8,0.519999980926514,0.515773315910039
2.292356,9,0.519999980926514,0.51759155321642
2.302512,10,0.519999980926514,0.51759155321642
2.311325,11,0.519999980926514,0.51759155321642
2.320493,12,0.519999980926514,0.51759155321642
2.33011,13,0.519999980926514,0.51759155321642
2.338744,14,0.519999980926514,0.51759155321642
2.347236,15,0.519999980926514,0.51759155321642
2.35766,16,0.519999980926514,0.518197632318547
2.367585,17,0.519999980926514,0.518197632318547
2.377838,18,0.519999980926514,0.518197632318547
2.386646,19,0.519999980926514,0.518197632318547
2.395499,20,0.519999980926514,0.518197632318547
2.404058,21,0.519999980926514,0.518803711420674
2.412671,22,0.519999980926514,0.518803711420674
2.421373,23,0.519999980926514,0.518803711420674
2.429893,24,0.519999980926514,0.518803711420674
2.439909,25,0.519999980926514,0.518803711420674
2.44845,26,0.519999980926514,0.518803711420674
2.457724,27,0.519999980926514,0.518803711420674
2.466243,28,0.519999980926514,0.518803711420674
2.476261,29,0.519999980926514,0.518803711420674
2.487318,30,0.519999980926514,0.518803711420674
2.498275,31,0.519999980926514,0.518803711420674
2.507915,32,0.519999980926514,0.518803711420674
2.517681,33,0.519999980926514,0.518803711420674
2.527096,34,0.519999980926514,0.518803711420674
2.537981,35,0.519999980926514,0.518803711420674
2.548284,36,0.519999980926514,0.518803711420674
2.557688,37,0.519999980926514,0.518803711420674
2.566181,38,0.519999980926514,0.518803711420674
2.576701,39,0.519999980926514,0.518197632318547
2.58565,40,0.519999980926514,0.518803711420674
2.594789,41,0.519999980926514,0.518803711420674
2.604218,42,0.519999980926514,0.518803711420674
2.614432,43,0.519999980926514,0.518197632318547
2.623457,44,0.519999980926514,0.518803711420674
2.631773,45,0.519999980926514,0.518197632318547
2.642004,46,0.519999980926514,0.518197632318547
2.652281,47,0.519999980926514,0.518197632318547
2.661621,48,0.519999980926514,0.518197632318547
2.671543,49,0.519999980926514,0.518803711420674
2.680487,50,0.519999980926514,0.518197632318547
2.690727,51,0.519999980926514,0.518197632318547
2.69927,52,0.519999980926514,0.518197632318547
2.708695,53,0.519999980926514,0.518197632318547
2.718521,54,0.519999980926514,0.518197632318547
2.726856,55,0.519999980926514,0.518197632318547
2.736377,56,0.519999980926514,0.518197632318547
2.746629,57,0.519999980926514,0.518197632318547
2.756657,58,0.519999980926514,0.518197632318547
2.766383,59,0.519999980926514,0.518197632318547
2.776097,60,0.519999980926514,0.518197632318547
2.785192,61,0.519999980926514,0.518197632318547
2.794877,62,0.519999980926514,0.518197632318547
2.803662,63,0.519999980926514,0.518197632318547
2.814307,64,0.519999980926514,0.518197632318547
2.822611,65,0.519999980926514,0.518197632318547
2.832204,66,0.519999980926514,0.518197632318547
2.841194,67,0.519999980926514,0.518197632318547
2.850841,68,0.519999980926514,0.518197632318547
2.86062,69,0.519999980926514,0.518197632318547
2.870506,70,0.519999980926514,0.518197632318547
2.87932,71,0.519999980926514,0.518197632318547
2.889838,72,0.519999980926514,0.518197632318547
2.89817,73,0.519999980926514,0.518197632318547
2.908524,74,0.519999980926514,0.518197632318547
2.917266,75,0.519999980926514,0.518197632318547
2.927611,76,0.519999980926514,0.518197632318547
2.938078,77,0.519999980926514,0.518197632318547
2.948556,78,0.519999980926514,0.518197632318547
2.95755,79,0.519999980926514,0.518197632318547
2.967853,80,0.519999980926514,0.518197632318547
2.977847,81,0.519999980926514,0.518197632318547
2.989019,82,0.519999980926514,0.518197632318547
3.000152,83,0.519999980926514,0.518197632318547
3.008726,84,0.519999980926514,0.518197632318547
3.019755,85,0.519999980926514,0.518197632318547
3.028127,86,0.519999980926514,0.518197632318547
3.036552,87,0.519999980926514,0.51759155321642
3.046647,88,0.519999980926514,0.518197632318547
3.055389,89,0.519999980926514,0.518197632318547
3.064595,90,0.519999980926514,0.51759155321642
3.072959,91,0.519999980926514,0.518197632318547
3.083284,92,0.519999980926514,0.51759155321642
3.092478,93,0.519999980926514,0.518197632318547
3.10152,94,0.519999980926514,0.518197632318547
3.110992,95,0.519999980926514,0.51759155321642
3.119576,96,0.519999980926514,0.518197632318547
3.128407,97,0.519999980926514,0.518197632318547
3.137446,98,0.519999980926514,0.518197632318547
3.14778,99,0.519999980926514,0.518197632318547
3.157866,100,0.519999980926514,0.518197632318547
3.167758,101,0.519999980926514,0.518197632318547
3.176124,102,0.519999980926514,0.518197632318547
3.186094,103,0.519999980926514,0.518197632318547
3.195607,104,0.519999980926514,0.518197632318547
3.203975,105,0.519999980926514,0.51759155321642
3.213089,106,0.519999980926514,0.51759155321642
3.224495,107,0.519999980926514,0.518197632318547
3.235178,108,0.519999980926514,0.518197632318547
3.245,109,0.519999980926514,0.51759155321642
3.254247,110,0.519999980926514,0.518197632318547
3.263196,111,0.519999980926514,0.51759155321642
3.273029,112,0.519999980926514,0.51759155321642
3.281612,113,0.519999980926514,0.51759155321642
3.291896,114,0.519999980926514,0.51759155321642
3.302101,115,0.519999980926514,0.51759155321642
3.311658,116,0.519999980926514,0.518197632318547
3.320299,117,0.519999980926514,0.518197632318547
3.330417,118,0.519999980926514,0.51759155321642
3.339997,119,0.519999980926514,0.518197632318547
3.349402,120,0.519999980926514,0.51759155321642
3.358619,121,0.519999980926514,0.51759155321642
3.368823,122,0.519999980926514,0.518197632318547
3.379004,123,0.519999980926514,0.518197632318547
3.389294,124,0.519999980926514,0.518197632318547
3.397784,125,0.519999980926514,0.51759155321642
3.407444,126,0.519999980926514,0.518197632318547
3.416997,127,0.519999980926514,0.518197632318547
3.425391,128,0.519999980926514,0.518197632318547
3.434098,129,0.519999980926514,0.518197632318547
3.444417,130,0.519999980926514,0.518197632318547
3.454984,131,0.519999980926514,0.518197632318547
3.464994,132,0.519999980926514,0.51759155321642
3.474999,133,0.519999980926514,0.518197632318547
3.485177,134,0.519999980926514,0.518197632318547
3.495081,135,0.519999980926514,0.51759155321642
3.504173,136,0.519999980926514,0.518197632318547
3.515273,137,0.519999980926514,0.51759155321642
3.523775,138,0.519999980926514,0.518197632318547
3.533676,139,0.519999980926514,0.518197632318547
3.54208,140,0.519999980926514,0.51759155321642
3.551433,141,0.519999980926514,0.518197632318547
3.559856,142,0.519999980926514,0.518197632318547
3.569116,143,0.519999980926514,0.518197632318547
3.577441,144,0.519999980926514,0.51759155321642
3.587561,145,0.519999980926514,0.51759155321642
3.597806,146,0.519999980926514,0.51759155321642
3.60708,147,0.519999980926514,0.51759155321642
3.616322,148,0.519999980926514,0.51759155321642
3.626184,149,0.519999980926514,0.51759155321642
3.636618,150,0.519999980926514,0.518197632318547
3.64599,151,0.519999980926514,0.518197632318547
3.654967,152,0.519999980926514,0.51759155321642
3.663628,153,0.519999980926514,0.51759155321642
3.672897,154,0.519999980926514,0.51759155321642
3.683435,155,0.519999980926514,0.518197632318547
3.692379,156,0.519999980926514,0.51759155321642
3.701471,157,0.519999980926514,0.518197632318547
3.710529,158,0.519999980926514,0.518197632318547
3.719374,159,0.519999980926514,0.51759155321642
3.729792,160,0.519999980926514,0.518197632318547
3.739924,161,0.519999980926514,0.518197632318547
3.748403,162,0.519999980926514,0.51759155321642
3.756882,163,0.519999980926514,0.518197632318547
3.766852,164,0.519999980926514,0.518197632318547
3.777163,165,0.519999980926514,0.51759155321642
3.787528,166,0.519999980926514,0.518197632318547
3.796062,167,0.519999980926514,0.51759155321642
3.805573,168,0.519999980926514,0.518197632318547
3.814425,169,0.519999980926514,0.518197632318547
3.823493,170,0.519999980926514,0.518197632318547
3.832282,171,0.519999980926514,0.518197632318547
3.84089,172,0.519999980926514,0.518197632318547
3.852397,173,0.519999980926514,0.518197632318547
3.860474,174,0.519999980926514,0.518197632318547
3.86924,175,0.519999980926514,0.518197632318547
3.878064,176,0.519999980926514,0.518197632318547
3.887825,177,0.519999980926514,0.51759155321642
3.897457,178,0.519999980926514,0.518197632318547
3.905822,179,0.519999980926514,0.518197632318547
3.914681,180,0.519999980926514,0.51759155321642
3.924668,181,0.519999980926514,0.51759155321642
3.934907,182,0.519999980926514,0.518197632318547
3.945301,183,0.519999980926514,0.518197632318547
3.954062,184,0.519999980926514,0.518197632318547
3.962852,185,0.519999980926514,0.518197632318547
3.974149,186,0.519999980926514,0.518197632318547
3.98284,187,0.519999980926514,0.518197632318547
3.992185,188,0.519999980926514,0.518197632318547
4.000705,189,0.519999980926514,0.518197632318547
4.009723,190,0.519999980926514,0.518197632318547
4.019828,191,0.519999980926514,0.51759155321642
4.030481,192,0.519999980926514,0.518197632318547
4.039605,193,0.519999980926514,0.518197632318547
4.0483,194,0.519999980926514,0.518197632318547
4.057138,195,0.519999980926514,0.518197632318547
4.066062,196,0.519999980926514,0.518197632318547
4.074883,197,0.519999980926514,0.518197632318547
4.08433,198,0.519999980926514,0.518197632318547
4.093088,199,0.519999980926514,0.518197632318547
4.102582,200,0.519999980926514,0.51759155321642
4.11297,201,0.519999980926514,0.518197632318547
4.123764,202,0.519999980926514,0.518197632318547
4.133809,203,0.519999980926514,0.518197632318547
4.143334,204,0.519999980926514,0.518197632318547
4.152184,205,0.519999980926514,0.518197632318547
4.161148,206,0.519999980926514,0.51759155321642
4.171443,207,0.519999980926514,0.518197632318547
4.181369,208,0.519999980926514,0.518197632318547
4.191003,209,0.519999980926514,0.518197632318547
4.203235,210,0.519999980926514,0.518197632318547
4.211728,211,0.519999980926514,0.518197632318547
4.220723,212,0.519999980926514,0.518197632318547
4.229923,213,0.519999980926514,0.518197632318547
4.239837,214,0.519999980926514,0.518197632318547
4.250457,215,0.519999980926514,0.518197632318547
4.259421,216,0.519999980926514,0.518197632318547
4.26966,217,0.519999980926514,0.518197632318547
4.279784,218,0.519999980926514,0.518197632318547
4.290115,219,0.519999980926514,0.518197632318547
4.299641,220,0.519999980926514,0.518197632318547
4.309695,221,0.519999980926514,0.518197632318547
4.318648,222,0.519999980926514,0.51759155321642
4.328203,223,0.519999980926514,0.518197632318547
4.337136,224,0.519999980926514,0.518197632318547
4.346937,225,0.519999980926514,0.518197632318547
4.355647,226,0.519999980926514,0.518197632318547
4.364186,227,0.519999980926514,0.518197632318547
4.374423,228,0.519999980926514,0.518197632318547
4.384632,229,0.519999980926514,0.518197632318547
4.394827,230,0.519999980926514,0.518197632318547
4.404806,231,0.519999980926514,0.518197632318547
4.415079,232,0.519999980926514,0.518197632318547
4.425307,233,0.519999980926514,0.518197632318547
4.434519,234,0.519999980926514,0.518197632318547
4.442993,235,0.519999980926514,0.518197632318547
4.451345,236,0.519999980926514,0.518197632318547
4.460855,237,0.519999980926514,0.518197632318547
4.470677,238,0.519999980926514,0.518197632318547
4.480868,239,0.519999980926514,0.518197632318547
4.490636,240,0.519999980926514,0.518197632318547
4.499968,241,0.519999980926514,0.518197632318547
4.508499,242,0.519999980926514,0.518197632318547
4.517688,243,0.519999980926514,0.518197632318547
4.527943,244,0.519999980926514,0.518197632318547
4.537956,245,0.519999980926514,0.518197632318547
4.54714,246,0.519999980926514,0.51759155321642
4.556738,247,0.519999980926514,0.518197632318547
4.565789,248,0.519999980926514,0.518197632318547
4.57482,249,0.519999980926514,0.518197632318547
4.585253,250,0.519999980926514,0.518197632318547
4.595995,251,0.519999980926514,0.518197632318547
4.60572,252,0.519999980926514,0.518197632318547
4.614336,253,0.519999980926514,0.518197632318547
4.624797,254,0.519999980926514,0.518197632318547
4.634995,255,0.519999980926514,0.518197632318547
4.645419,256,0.519999980926514,0.518197632318547
4.654946,257,0.519999980926514,0.518197632318547
4.663907,258,0.519999980926514,0.518197632318547
4.673405,259,0.519999980926514,0.518197632318547
4.683844,260,0.519999980926514,0.518197632318547
4.692416,261,0.519999980926514,0.518197632318547
4.702166,262,0.519999980926514,0.518197632318547
4.710709,263,0.519999980926514,0.518197632318547
4.719428,264,0.519999980926514,0.518197632318547
4.728511,265,0.519999980926514,0.518197632318547
4.738135,266,0.519999980926514,0.518197632318547
4.747955,267,0.519999980926514,0.518197632318547
4.758389,268,0.519999980926514,0.518197632318547
4.768877,269,0.519999980926514,0.518197632318547
4.778668,270,0.519999980926514,0.518197632318547
4.787521,271,0.519999980926514,0.518197632318547
4.796848,272,0.519999980926514,0.518197632318547
4.806315,273,0.519999980926514,0.518197632318547
4.815385,274,0.519999980926514,0.518197632318547
4.824026,275,0.519999980926514,0.518197632318547
4.834261,276,0.519999980926514,0.518197632318547
4.842669,277,0.519999980926514,0.518197632318547
4.852663,278,0.519999980926514,0.518197632318547
4.862925,279,0.519999980926514,0.518197632318547
4.873193,280,0.519999980926514,0.518197632318547
4.883636,281,0.519999980926514,0.518197632318547
4.893964,282,0.519999980926514,0.518197632318547
4.904251,283,0.519999980926514,0.518197632318547
4.914258,284,0.519999980926514,0.518197632318547
4.923486,285,0.519999980926514,0.51759155321642
4.933391,286,0.519999980926514,0.518197632318547
4.942017,287,0.519999980926514,0.518197632318547
4.951548,288,0.519999980926514,0.51759155321642
4.96127,289,0.519999980926514,0.518197632318547
4.969965,290,0.519999980926514,0.51759155321642
4.978869,291,0.519999980926514,0.518197632318547
4.989355,292,0.519999980926514,0.518197632318547
4.999205,293,0.519999980926514,0.51759155321642
5.008678,294,0.519999980926514,0.51759155321642
5.01799,295,0.519999980926514,0.518197632318547
5.027301,296,0.519999980926514,0.51759155321642
5.036369,297,0.519999980926514,0.51759155321642
5.046503,298,0.519999980926514,0.518197632318547
5.056418,299,0.519999980926514,0.518197632318547
5.064643,300,0.519999980926514,0.51759155321642
5.073927,301,0.519999980926514,0.518197632318547
5.082352,302,0.519999980926514,0.51759155321642
5.092933,303,0.519999980926514,0.518197632318547
5.103993,304,0.519999980926514,0.51759155321642
5.113352,305,0.519999980926514,0.51759155321642
5.12271,306,0.519999980926514,0.518197632318547
5.132892,307,0.519999980926514,0.51759155321642
5.142556,308,0.519999980926514,0.51759155321642
5.152399,309,0.519999980926514,0.51759155321642
5.160835,310,0.519999980926514,0.518197632318547
5.170784,311,0.519999980926514,0.51759155321642
5.179189,312,0.519999980926514,0.51759155321642
5.189281,313,0.519999980926514,0.518197632318547
5.199283,314,0.519999980926514,0.518197632318547
5.208345,315,0.519999980926514,0.518197632318547
5.218565,316,0.519999980926514,0.51759155321642
5.228556,317,0.519999980926514,0.51759155321642
5.237276,318,0.519999980926514,0.51759155321642
5.246924,319,0.519999980926514,0.51759155321642
5.256215,320,0.519999980926514,0.51759155321642
5.264798,321,0.519999980926514,0.51759155321642
5.27402,322,0.519999980926514,0.51759155321642
5.282964,323,0.519999980926514,0.51759155321642
5.292398,324,0.519999980926514,0.51759155321642
5.302781,325,0.519999980926514,0.51759155321642
5.312537,326,0.519999980926514,0.51759155321642
5.321204,327,0.519999980926514,0.51759155321642
5.330902,328,0.519999980926514,0.51759155321642
5.341499,329,0.519999980926514,0.51759155321642
5.350983,330,0.519999980926514,0.51759155321642
5.360375,331,0.519999980926514,0.51759155321642
5.371173,332,0.519999980926514,0.51759155321642
5.3802,333,0.519999980926514,0.51759155321642
5.388772,334,0.519999980926514,0.51759155321642
5.399439,335,0.519999980926514,0.51759155321642
5.408175,336,0.519999980926514,0.51759155321642
5.418203,337,0.519999980926514,0.51759155321642
5.428363,338,0.519999980926514,0.51759155321642
5.43917,339,0.519999980926514,0.51759155321642
5.449096,340,0.519999980926514,0.51759155321642
5.458693,341,0.519999980926514,0.51759155321642
5.468655,342,0.519999980926514,0.51759155321642
5.478661,343,0.519999980926514,0.51759155321642
5.487648,344,0.519999980926514,0.51759155321642
5.49667,345,0.519999980926514,0.51759155321642
5.505139,346,0.519999980926514,0.51759155321642
5.515585,347,0.519999980926514,0.51759155321642
5.525128,348,0.519999980926514,0.51759155321642
5.534128,349,0.519999980926514,0.51759155321642
5.542586,350,0.519999980926514,0.51759155321642
5.551468,351,0.519999980926514,0.51759155321642
5.561879,352,0.519999980926514,0.51759155321642
5.571795,353,0.519999980926514,0.51759155321642
5.581336,354,0.519999980926514,0.51759155321642
5.591017,355,0.519999980926514,0.51759155321642
5.600374,356,0.519999980926514,0.51759155321642
5.609529,357,0.519999980926514,0.51759155321642
5.619967,358,0.519999980926514,0.51759155321642
5.629903,359,0.519999980926514,0.51759155321642
5.639528,360,0.519999980926514,0.51759155321642
5.64934,361,0.519999980926514,0.51759155321642
5.658134,362,0.519999980926514,0.51759155321642
5.673837,363,0.519999980926514,0.51759155321642
5.683197,364,0.519999980926514,0.51759155321642
5.692371,365,0.519999980926514,0.51759155321642
5.701427,366,0.519999980926514,0.51759155321642
5.711555,367,0.519999980926514,0.51759155321642
5.721514,368,0.519999980926514,0.51759155321642
5.729849,369,0.519999980926514,0.51759155321642
5.738388,370,0.519999980926514,0.51759155321642
5.747529,371,0.519999980926514,0.51759155321642
5.755995,372,0.519999980926514,0.51759155321642
5.765969,373,0.519999980926514,0.51759155321642
5.776155,374,0.519999980926514,0.51759155321642
5.785074,375,0.519999980926514,0.51759155321642
5.794702,376,0.519999980926514,0.51759155321642
5.804173,377,0.519999980926514,0.518197632318547
5.812569,378,0.519999980926514,0.51759155321642
5.823159,379,0.519999980926514,0.518197632318547
5.831853,380,0.519999980926514,0.518197632318547
5.842085,381,0.519999980926514,0.51759155321642
5.851578,382,0.519999980926514,0.51759155321642
5.861395,383,0.519999980926514,0.51759155321642
5.869805,384,0.519999980926514,0.518197632318547
5.879898,385,0.519999980926514,0.51759155321642
5.889224,386,0.519999980926514,0.51759155321642
5.898871,387,0.519999980926514,0.51759155321642
5.908746,388,0.519999980926514,0.51759155321642
5.917377,389,0.519999980926514,0.51759155321642
5.927565,390,0.519999980926514,0.518197632318547
5.937434,391,0.519999980926514,0.518197632318547
5.947499,392,0.519999980926514,0.51759155321642
5.957681,393,0.519999980926514,0.51759155321642
5.967931,394,0.519999980926514,0.51759155321642
5.978132,395,0.519999980926514,0.51759155321642
5.986916,396,0.519999980926514,0.518197632318547
5.996974,397,0.519999980926514,0.518197632318547
6.006897,398,0.519999980926514,0.518197632318547
6.01569,399,0.519999980926514,0.51759155321642
6.025986,400,0.519999980926514,0.518197632318547
6.036169,401,0.519999980926514,0.518197632318547
6.045683,402,0.519999980926514,0.518197632318547
6.056098,403,0.519999980926514,0.51759155321642
6.065825,404,0.519999980926514,0.518197632318547
6.074893,405,0.519999980926514,0.518197632318547
6.083715,406,0.519999980926514,0.518197632318547
6.092151,407,0.519999980926514,0.518197632318547
6.101666,408,0.519999980926514,0.51759155321642
6.111598,409,0.519999980926514,0.518197632318547
6.120142,410,0.519999980926514,0.518197632318547
6.128675,411,0.519999980926514,0.518197632318547
6.13942,412,0.519999980926514,0.518197632318547
6.148122,413,0.519999980926514,0.518197632318547
6.157154,414,0.519999980926514,0.518197632318547
6.167541,415,0.519999980926514,0.518197632318547
6.177761,416,0.519999980926514,0.518197632318547
6.186478,417,0.519999980926514,0.518197632318547
6.194995,418,0.519999980926514,0.518197632318547
6.203919,419,0.519999980926514,0.518197632318547
6.214023,420,0.519999980926514,0.518197632318547
6.224304,421,0.519999980926514,0.518197632318547
6.232906,422,0.519999980926514,0.518197632318547
6.241317,423,0.519999980926514,0.518197632318547
6.251402,424,0.519999980926514,0.518197632318547
6.26181,425,0.519999980926514,0.518197632318547
6.271621,426,0.519999980926514,0.518197632318547
6.280377,427,0.519999980926514,0.518197632318547
6.290428,428,0.519999980926514,0.518197632318547
6.30066,429,0.519999980926514,0.518197632318547
6.309086,430,0.519999980926514,0.518197632318547
6.317476,431,0.519999980926514,0.518197632318547
6.326925,432,0.519999980926514,0.518197632318547
6.336374,433,0.519999980926514,0.518197632318547
6.34647,434,0.519999980926514,0.518197632318547
6.356394,435,0.519999980926514,0.518197632318547
6.365698,436,0.519999980926514,0.518197632318547
6.375522,437,0.519999980926514,0.518197632318547
6.388766,438,0.519999980926514,0.518197632318547
6.398212,439,0.519999980926514,0.518197632318547
6.406868,440,0.519999980926514,0.518197632318547
6.416042,441,0.519999980926514,0.518197632318547
6.425119,442,0.519999980926514,0.518197632318547
6.433842,443,0.519999980926514,0.518197632318547
6.443602,444,0.519999980926514,0.518197632318547
6.453946,445,0.519999980926514,0.518197632318547
6.463605,446,0.519999980926514,0.518197632318547
6.472624,447,0.519999980926514,0.518197632318547
6.481416,448,0.519999980926514,0.518197632318547
6.490073,449,0.519999980926514,0.518197632318547
6.499439,450,0.519999980926514,0.518197632318547
6.50963,451,0.519999980926514,0.518197632318547
6.518366,452,0.519999980926514,0.518197632318547
6.527434,453,0.519999980926514,0.518197632318547
6.536479,454,0.519999980926514,0.518197632318547
6.544947,455,0.519999980926514,0.518197632318547
6.554573,456,0.519999980926514,0.518197632318547
6.564568,457,0.519999980926514,0.518197632318547
6.573672,458,0.519999980926514,0.518197632318547
6.582061,459,0.519999980926514,0.518197632318547
6.590601,460,0.519999980926514,0.518197632318547
6.600931,461,0.519999980926514,0.518197632318547
6.611457,462,0.519999980926514,0.518197632318547
6.62136,463,0.519999980926514,0.518197632318547
6.630261,464,0.519999980926514,0.518197632318547
6.639647,465,0.519999980926514,0.518197632318547
6.649456,466,0.519999980926514,0.518197632318547
6.659171,467,0.519999980926514,0.518197632318547
6.670065,468,0.519999980926514,0.518197632318547
6.67905,469,0.519999980926514,0.518197632318547
6.689212,470,0.519999980926514,0.518197632318547
6.699466,471,0.519999980926514,0.518197632318547
6.708547,472,0.519999980926514,0.518197632318547
6.717031,473,0.625,0.518197632318547
6.725937,474,0.625,0.518197632318547
6.736048,475,0.625,0.521228027829181
6.745361,476,0.625,0.578199463429115
6.754347,477,0.625,0.586684570858892
6.763763,478,0.625,0.604866943922701
6.772638,479,0.625,0.609715576739717
6.78274,480,0.625,0.616382446863114
6.791057,481,0.625,0.620018921475875
6.799448,482,0.625,0.626079712497145
6.808834,483,0.625,0.627897949803526
6.819293,484,0.625,0.627897949803526
6.828092,485,0.625,0.627897949803526
6.836646,486,0.625,0.626685791599272
6.845551,487,0.625,0.626685791599272
6.855722,488,0.625,0.626079712497145
6.865909,489,0.625,0.625473633395018
6.874343,490,0.625,0.625473633395018
6.882729,491,0.625,0.624867554292891
6.892397,492,0.625,0.624867554292891
6.902248,493,0.625,0.624261475190764
6.911988,494,0.625,0.623655396088637
6.921037,495,0.625,0.623655396088637
6.93009,496,0.625,0.62304931698651
6.939429,497,0.625,0.62304931698651
6.94962,498,0.625,0.62304931698651
6.95958,499,0.625,0.62304931698651
6.96897,500,0.625,0.622443237884383
6.977881,501,0.625,0.622443237884383
6.98671,502,0.625,0.622443237884383
6.996045,503,0.625,0.62304931698651
7.004953,504,0.625,0.62304931698651
7.01585,505,0.625,0.62304931698651
7.025611,506,0.625,0.623655396088637
7.034059,507,0.625,0.62304931698651
7.04437,508,0.625,0.623655396088637
7.053267,509,0.625,0.623655396088637
7.062016,510,0.625,0.623655396088637
7.071771,511,0.625,0.623655396088637
7.080429,512,0.625,0.623655396088637
7.090597,513,0.625,0.623655396088637
7.100745,514,0.625,0.623655396088637
7.11095,515,0.625,0.623655396088637
7.123796,516,0.625,0.624261475190764
7.133525,517,0.625,0.624261475190764
7.141872,518,0.625,0.624261475190764
7.150649,519,0.625,0.623655396088637
7.160852,520,0.625,0.624261475190764
7.169565,521,0.625,0.624261475190764
7.180051,522,0.625,0.624261475190764
7.190245,523,0.625,0.624261475190764
7.200523,524,0.625,0.623655396088637
7.20948,525,0.625,0.624261475190764
7.219562,526,0.625,0.624261475190764
7.22862,527,0.625,0.624261475190764
7.238336,528,0.625,0.624261475190764
7.248623,529,0.625,0.624261475190764
7.258083,530,0.625,0.623655396088637
7.268377,531,0.625,0.624261475190764
7.278601,532,0.625,0.624261475190764
7.288026,533,0.625,0.624261475190764
7.297561,534,0.625,0.624261475190764
7.306997,535,0.625,0.623655396088637
7.315968,536,0.625,0.624261475190764
7.325146,537,0.625,0.624261475190764
7.334571,538,0.625,0.624261475190764
7.344835,539,0.625,0.623655396088637
7.355077,540,0.625,0.624261475190764
7.364727,541,0.625,0.624261475190764
7.37393,542,0.625,0.624261475190764
7.383623,543,0.625,0.624261475190764
7.392266,544,0.625,0.624261475190764
7.401075,545,0.625,0.624261475190764
7.41178,546,0.625,0.624261475190764
7.4213,547,0.625,0.624261475190764
7.430285,548,0.625,0.624261475190764
7.440336,549,0.625,0.624261475190764
7.449272,550,0.625,0.624261475190764
7.458698,551,0.625,0.624261475190764
7.46891,552,0.625,0.624261475190764
7.477359,553,0.625,0.624261475190764
7.485803,554,0.625,0.624261475190764
7.495107,555,0.625,0.624261475190764
7.504256,556,0.625,0.624261475190764
7.51353,557,0.625,0.624261475190764
7.523326,558,0.625,0.624261475190764
7.533345,559,0.625,0.624261475190764
7.542186,560,0.625,0.624261475190764
7.552629,561,0.625,0.624261475190764
7.561935,562,0.625,0.624261475190764
7.570237,563,0.625,0.624261475190764
7.579705,564,0.625,0.623655396088637
7.589433,565,0.625,0.624261475190764
7.598569,566,0.625,0.623655396088637
7.607631,567,0.625,0.623655396088637
7.616558,568,0.625,0.624261475190764
7.626384,569,0.625,0.624261475190764
7.635204,570,0.625,0.624261475190764
7.643898,571,0.625,0.624261475190764
7.652984,572,0.625,0.624261475190764
7.661779,573,0.625,0.624261475190764
7.671875,574,0.625,0.624261475190764
7.681984,575,0.625,0.624261475190764
7.690902,576,0.625,0.623655396088637
7.700328,577,0.625,0.624261475190764
7.70874,578,0.625,0.623655396088637
7.719026,579,0.625,0.624261475190764
7.729091,580,0.625,0.624261475190764
7.738336,581,0.625,0.623655396088637
7.74803,582,0.625,0.624261475190764
7.758399,583,0.625,0.624261475190764
7.767837,584,0.625,0.624261475190764
7.776721,585,0.625,0.624261475190764
7.78684,586,0.625,0.624261475190764
7.796338,587,0.625,0.624261475190764
7.804973,588,0.625,0.624261475190764
7.813861,589,0.625,0.624261475190764
7.824015,590,0.625,0.624261475190764
7.832598,591,0.625,0.624261475190764
7.841437,592,0.625,0.624261475190764
7.851544,593,0.625,0.624261475190764
7.863995,594,0.625,0.624261475190764
7.873788,595,0.625,0.624261475190764
7.882494,596,0.625,0.624261475190764
7.892137,597,0.625,0.624261475190764
7.901917,598,0.625,0.623655396088637
7.910426,599,0.625,0.624261475190764
7.920141,600,0.625,0.624261475190764
7.928472,601,0.625,0.624261475190764
7.938495,602,0.625,0.624261475190764
7.947013,603,0.625,0.624261475190764
7.955914,604,0.625,0.624261475190764
7.966432,605,0.625,0.624261475190764
7.97768,606,0.625,0.624261475190764
7.986338,607,0.625,0.624261475190764
7.995807,608,0.625,0.624261475190764
8.004419,609,0.625,0.624261475190764
8.014604,610,0.625,0.624261475190764
8.024906,611,0.625,0.624261475190764
8.034066,612,0.625,0.624261475190764
8.042521,613,0.625,0.624261475190764
8.051492,614,0.625,0.624261475190764
8.060783,615,0.625,0.624261475190764
8.070016,616,0.625,0.624261475190764
8.078922,617,0.625,0.624261475190764
8.088198,618,0.625,0.624261475190764
8.097918,619,0.625,0.624261475190764
8.108698,620,0.625,0.624261475190764
8.118094,621,0.625,0.623655396088637
8.126784,622,0.625,0.624261475190764
8.136198,623,0.625,0.624261475190764
8.146287,624,0.625,0.624261475190764
8.155548,625,0.625,0.624261475190764
8.166169,626,0.625,0.624261475190764
8.175971,627,0.625,0.624261475190764
8.185833,628,0.625,0.624261475190764
8.1955,629,0.625,0.624261475190764
8.205562,630,0.625,0.624261475190764
8.214727,631,0.625,0.624261475190764
8.224758,632,0.625,0.624261475190764
8.233949,633,0.625,0.624261475190764
8.243045,634,0.625,0.624261475190764
8.251863,635,0.625,0.624261475190764
8.262571,636,0.625,0.624261475190764
8.270863,637,0.625,0.624261475190764
8.279366,638,0.625,0.624261475190764
8.289419,639,0.625,0.624261475190764
8.297911,640,0.625,0.624261475190764
8.30842,641,0.625,0.624261475190764
8.317943,642,0.625,0.624261475190764
8.327245,643,0.625,0.624261475190764
8.336338,644,0.625,0.624261475190764
8.345928,645,0.625,0.624261475190764
8.354522,646,0.625,0.624261475190764
8.365845,647,0.625,0.624261475190764
8.376347,648,0.625,0.624261475190764
8.386175,649,0.625,0.624261475190764
8.396271,650,0.625,0.624261475190764
8.404805,651,0.625,0.624261475190764
8.413643,652,0.625,0.624261475190764
8.423432,653,0.625,0.624261475190764
8.433062,654,0.625,0.624261475190764
8.441772,655,0.625,0.624261475190764
8.45213,656,0.625,0.624261475190764
8.462379,657,0.625,0.624261475190764
8.473351,658,0.625,0.624261475190764
8.483831,659,0.625,0.624261475190764
8.492248,660,0.625,0.623655396088637
8.501938,661,0.625,0.624261475190764
8.510571,662,0.625,0.624261475190764
8.519062,663,0.625,0.624261475190764
8.528922,664,0.625,0.624261475190764
8.53933,665,0.625,0.624261475190764
8.549251,666,0.625,0.624261475190764
8.559805,667,0.625,0.624261475190764
8.568707,668,0.625,0.624261475190764
8.577581,669,0.625,0.624261475190764
8.586784,670,0.625,0.624261475190764
8.596999,671,0.625,0.624261475190764
8.606619,672,0.625,0.624261475190764
8.615786,673,0.625,0.624261475190764
8.624443,674,0.625,0.624261475190764
8.633897,675,0.625,0.624261475190764
8.643893,676,0.625,0.624261475190764
8.652975,677,0.625,0.624261475190764
8.663307,678,0.625,0.624261475190764
8.671981,679,0.625,0.624261475190764
8.68186,680,0.625,0.624261475190764
8.690465,681,0.625,0.624261475190764
8.700562,682,0.625,0.624261475190764
8.711361,683,0.625,0.624261475190764
8.720916,684,0.625,0.624261475190764
8.730084,685,0.625,0.624261475190764
8.738654,686,0.625,0.624261475190764
8.748139,687,0.625,0.624261475190764
8.758915,688,0.625,0.624261475190764
8.767598,689,0.625,0.624261475190764
8.776294,690,0.625,0.624261475190764
8.78645,691,0.625,0.624261475190764
8.795021,692,0.625,0.624261475190764
8.80383,693,0.625,0.624261475190764
8.814124,694,0.625,0.624261475190764
8.824078,695,0.625,0.624261475190764
8.83306,696,0.625,0.624261475190764
8.842319,697,0.625,0.624261475190764
8.851089,698,0.625,0.624261475190764
8.860224,699,0.625,0.623655396088637
8.870258,700,0.625,0.624261475190764
8.879358,701,0.625,0.624261475190764
8.889013,702,0.625,0.624261475190764
8.897839,703,0.625,0.624261475190764
8.908353,704,0.625,0.623655396088637
8.91712,705,0.625,0.623655396088637
8.92836,706,0.625,0.623655396088637
8.937612,707,0.625,0.623655396088637
8.946637,708,0.625,0.623655396088637
8.954983,709,0.625,0.623655396088637
8.963771,710,0.625,0.623655396088637
8.972673,711,0.625,0.623655396088637
8.982601,712,0.625,0.623655396088637
8.993308,713,0.625,0.623655396088637
9.002524,714,0.625,0.623655396088637
9.01088,715,0.625,0.623655396088637
9.020136,716,0.625,0.623655396088637
9.028649,717,0.625,0.623655396088637
9.038688,718,0.625,0.623655396088637
9.048809,719,0.625,0.623655396088637
9.058833,720,0.625,0.623655396088637
9.067512,721,0.625,0.623655396088637
9.076342,722,0.625,0.623655396088637
9.08661,723,0.625,0.623655396088637
9.095434,724,0.625,0.623655396088637
9.10515,725,0.625,0.623655396088637
9.114983,726,0.625,0.623655396088637
9.123977,727,0.625,0.623655396088637
9.133502,728,0.625,0.623655396088637
9.142947,729,0.625,0.623655396088637
9.153145,730,0.625,0.62304931698651
9.163321,731,0.625,0.623655396088637
9.172146,732,0.625,0.62304931698651
9.182356,733,0.625,0.623655396088637
9.191754,734,0.625,0.62304931698651
9.200944,735,0.625,0.623655396088637
9.211578,736,0.625,0.623655396088637
9.220279,737,0.625,0.623655396088637
9.229351,738,0.625,0.62304931698651
9.238045,739,0.625,0.62304931698651
9.247039,740,0.625,0.62304931698651
9.255544,741,0.625,0.62304931698651
9.264538,742,0.625,0.62304931698651
9.274714,743,0.625,0.62304931698651
9.284075,744,0.625,0.62304931698651
9.293485,745,0.625,0.623655396088637
9.301804,746,0.625,0.623655396088637
9.310229,747,0.625,0.623655396088637
9.32015,748,0.625,0.62304931698651
9.328924,749,0.625,0.623655396088637
9.337922,750,0.625,0.62304931698651
9.347483,751,0.625,0.62304931698651
9.36179,752,0.625,0.62304931698651
9.371463,753,0.625,0.62304931698651
9.381667,754,0.625,0.62304931698651
9.391964,755,0.625,0.623655396088637
9.400618,756,0.625,0.623655396088637
9.410295,757,0.625,0.62304931698651
9.41965,758,0.625,0.62304931698651
9.428617,759,0.625,0.62304931698651
9.437821,760,0.625,0.62304931698651
9.446719,761,0.625,0.623655396088637
9.455335,762,0.625,0.62304931698651
9.464432,763,0.625,0.62304931698651
9.472775,764,0.625,0.62304931698651
9.483054,765,0.625,0.623655396088637
9.492079,766,0.625,0.623655396088637
9.502442,767,0.625,0.623655396088637
9.510781,768,0.625,0.62304931698651
9.520793,769,0.625,0.62304931698651
9.529484,770,0.625,0.62304931698651
9.538051,771,0.625,0.623655396088637
9.546439,772,0.625,0.623655396088637
9.556633,773,0.625,0.62304931698651
9.567032,774,0.625,0.623655396088637
9.576614,775,0.625,0.623655396088637
9.586195,776,0.625,0.623655396088637
9.595135,777,0.625,0.623655396088637
9.604019,778,0.625,0.623655396088637
9.612646,779,0.625,0.623655396088637
9.621908,780,0.625,0.623655396088637
9.630289,781,0.625,0.623655396088637
9.638733,782,0.625,0.623655396088637
9.647562,783,0.625,0.623655396088637
9.656567,784,0.625,0.623655396088637
9.666017,785,0.625,0.623655396088637
9.676343,786,0.625,0.623655396088637
9.686172,787,0.625,0.623655396088637
9.694674,788,0.625,0.623655396088637
9.705081,789,0.625,0.623655396088637
9.714155,790,0.625,0.623655396088637
9.724101,791,0.625,0.623655396088637
9.734939,792,0.625,0.623655396088637
9.743751,793,0.625,0.623655396088637
9.753886,794,0.625,0.623655396088637
9.764179,795,0.625,0.623655396088637
9.774919,796,0.625,0.623655396088637
9.783259,797,0.625,0.623655396088637
9.792069,798,0.625,0.623655396088637
9.802369,799,0.625,0.623655396088637
9.812569,800,0.625,0.623655396088637
9.822665,801,0.625,0.623655396088637
9.832809,802,0.625,0.623655396088637
9.84395,803,0.625,0.624261475190764
9.852992,804,0.625,0.623655396088637
9.863141,805,0.625,0.623655396088637
9.872784,806,0.625,0.623655396088637
9.881328,807,0.625,0.623655396088637
9.892385,808,0.625,0.623655396088637
9.902617,809,0.625,0.623655396088637
9.912139,810,0.625,0.623655396088637
9.921063,811,0.625,0.624261475190764
9.930695,812,0.625,0.623655396088637
9.940626,813,0.625,0.624261475190764
9.951493,814,0.625,0.623655396088637
9.96162,815,0.625,0.624261475190764
9.970619,816,0.625,0.623655396088637
9.979172,817,0.625,0.624261475190764
9.988283,818,0.625,0.623655396088637
9.99683,819,0.625,0.624261475190764
10.00686,820,0.625,0.623655396088637
10.01726,821,0.625,0.623655396088637
10.02745,822,0.625,0.623655396088637
10.03617,823,0.625,0.624261475190764
10.04749,824,0.625,0.624261475190764
10.0571,825,0.625,0.623655396088637
10.06598,826,0.625,0.624261475190764
10.07558,827,0.625,0.623655396088637
10.08512,828,0.625,0.623655396088637
10.09414,829,0.625,0.623655396088637
10.10325,830,0.625,0.623655396088637
10.11381,831,0.625,0.624261475190764
10.12573,832,0.625,0.623655396088637
10.1358,833,0.625,0.624261475190764
10.14558,834,0.625,0.624261475190764
10.15421,835,0.625,0.624261475190764
10.16295,836,0.625,0.623655396088637
10.17213,837,0.625,0.623655396088637
10.18076,838,0.625,0.623655396088637
10.1903,839,0.625,0.624261475190764
10.19972,840,0.625,0.624261475190764
10.20856,841,0.625,0.624261475190764
10.21786,842,0.625,0.624261475190764
10.22832,843,0.625,0.623655396088637
10.23722,844,0.625,0.623655396088637
10.24602,845,0.625,0.624261475190764
10.25463,846,0.625,0.624261475190764
10.26376,847,0.625,0.624261475190764
10.27263,848,0.625,0.624261475190764
10.28199,849,0.625,0.624261475190764
10.29304,850,0.625,0.623655396088637
10.30226,851,0.625,0.624261475190764
10.31185,852,0.625,0.624261475190764
10.32117,853,0.625,0.624261475190764
10.33042,854,0.625,0.623655396088637
10.34019,855,0.625,0.624261475190764
10.34902,856,0.625,0.624261475190764
10.35815,857,0.625,0.624261475190764
10.36697,858,0.625,0.624261475190764
10.37626,859,0.625,0.624261475190764
10.38545,860,0.625,0.624261475190764
10.39464,861,0.625,0.624261475190764
10.40499,862,0.625,0.624261475190764
10.41568,863,0.625,0.624261475190764
10.42438,864,0.625,0.624261475190764
10.4335,865,0.625,0.624261475190764
10.44265,866,0.625,0.623655396088637
10.45163,867,0.625,0.623655396088637
10.46233,868,0.625,0.624261475190764
10.47299,869,0.625,0.624261475190764
10.48207,870,0.625,0.624261475190764
10.49216,871,0.625,0.624261475190764
10.50176,872,0.625,0.624261475190764
10.51085,873,0.625,0.624261475190764
10.52174,874,0.625,0.624261475190764
10.5313,875,0.625,0.624261475190764
10.53998,876,0.625,0.624261475190764
10.54906,877,0.625,0.624261475190764
10.55844,878,0.625,0.624261475190764
10.56882,879,0.625,0.624261475190764
10.57939,880,0.625,0.624261475190764
10.58807,881,0.625,0.624261475190764
10.59697,882,0.625,0.624261475190764
10.60562,883,0.625,0.624261475190764
10.61472,884,0.625,0.624261475190764
10.62343,885,0.625,0.624261475190764
10.63396,886,0.625,0.624261475190764
10.64402,887,0.625,0.624261475190764
10.6541,888,0.625,0.624261475190764
10.66356,889,0.625,0.624261475190764
10.67238,890,0.625,0.624261475190764
10.68233,891,0.625,0.623655396088637
10.69274,892,0.625,0.624261475190764
10.70224,893,0.625,0.624261475190764
10.7115,894,0.625,0.624261475190764
10.72174,895,0.625,0.624261475190764
10.73033,896,0.625,0.624261475190764
10.74085,897,0.625,0.624261475190764
10.74982,898,0.625,0.624261475190764
10.76022,899,0.625,0.624261475190764
10.76909,900,0.625,0.624261475190764
10.77833,901,0.625,0.623655396088637
10.7867,902,0.625,0.624261475190764
10.79559,903,0.625,0.624261475190764
10.80529,904,0.625,0.624261475190764
10.81511,905,0.625,0.624261475190764
10.82428,906,0.625,0.624261475190764
10.83448,907,0.625,0.624261475190764
10.84362,908,0.625,0.624261475190764
10.85297,909,0.625,0.624261475190764
10.86287,910,0.625,0.624261475190764
10.87303,911,0.625,0.624261475190764
10.88291,912,0.625,0.624261475190764
10.89254,913,0.625,0.624261475190764
10.90108,914,0.625,0.624261475190764
10.91172,915,0.625,0.624261475190764
10.92168,916,0.625,0.624261475190764
10.93011,917,0.625,0.624261475190764
10.94021,918,0.625,0.624261475190764
10.95021,919,0.625,0.624261475190764
10.96038,920,0.625,0.624261475190764
10.97092,921,0.625,0.624261475190764
10.98031,922,0.625,0.624261475190764
10.98936,923,0.625,0.624261475190764
10.99795,924,0.625,0.624261475190764
11.00816,925,0.625,0.624261475190764
11.0184,926,0.625,0.624261475190764
11.02674,927,0.625,0.624261475190764
11.03685,928,0.625,0.624261475190764
11.04569,929,0.625,0.624261475190764
11.05594,930,0.625,0.624261475190764
11.06523,931,0.625,0.624261475190764
11.07369,932,0.625,0.624261475190764
11.08337,933,0.625,0.624261475190764
11.09223,934,0.625,0.624867554292891
11.10289,935,0.625,0.624261475190764
11.11243,936,0.625,0.624261475190764
11.12263,937,0.625,0.624261475190764
11.13196,938,0.625,0.624261475190764
11.14073,939,0.625,0.624261475190764
11.15006,940,0.625,0.624261475190764
11.15889,941,0.625,0.624261475190764
11.16863,942,0.625,0.624261475190764
11.17715,943,0.625,0.624261475190764
11.18591,944,0.625,0.624261475190764
11.19604,945,0.625,0.624261475190764
11.20597,946,0.625,0.624261475190764
11.21683,947,0.625,0.624261475190764
11.22698,948,0.625,0.624261475190764
11.23605,949,0.625,0.624261475190764
11.24477,950,0.625,0.624261475190764
11.25439,951,0.625,0.624261475190764
11.2639,952,0.625,0.624261475190764
11.27271,953,0.625,0.624261475190764
11.28221,954,0.625,0.624261475190764
11.29126,955,0.625,0.624261475190764
11.30028,956,0.625,0.624261475190764
11.30926,957,0.625,0.624261475190764
11.32023,958,0.625,0.624261475190764
11.33079,959,0.625,0.624261475190764
11.3404,960,0.625,0.624261475190764
11.34935,961,0.625,0.624261475190764
11.3595,962,0.625,0.624261475190764
11.36863,963,0.625,0.624261475190764
11.37827,964,0.625,0.624261475190764
11.38759,965,0.625,0.624261475190764
11.3972,966,0.625,0.624261475190764
11.40701,967,0.625,0.624261475190764
11.416,968,0.625,0.624261475190764
11.42452,969,0.625,0.624261475190764
11.43316,970,0.625,0.624261475190764
11.4424,971,0.625,0.624261475190764
11.45233,972,0.625,0.624261475190764
11.46072,973,0.625,0.624261475190764
11.47102,974,0.625,0.624261475190764
11.47981,975,0.625,0.624261475190764
11.4886,976,0.625,0.624261475190764
11.49917,977,0.625,0.624261475190764
11.50863,978,0.625,0.624261475190764
11.51795,979,0.625,0.624261475190764
11.52816,980,0.625,0.624261475190764
11.53837,981,0.625,0.624261475190764
11.54764,982,0.625,0.624261475190764
11.55846,983,0.625,0.624261475190764
11.56708,984,0.625,0.624261475190764
11.57728,985,0.625,0.624261475190764
11.58752,986,0.625,0.624261475190764
11.59597,987,0.625,0.624261475190764
11.60508,988,0.625,0.624261475190764
11.61973,989,0.625,0.624261475190764
11.62989,990,0.625,0.624261475190764
11.63935,991,0.625,0.624261475190764
11.64843,992,0.625,0.624261475190764
11.65708,993,0.625,0.624261475190764
11.6665,994,0.625,0.624261475190764
11.67569,995,0.625,0.624261475190764
11.68514,996,0.625,0.624261475190764
11.69422,997,0.625,0.624261475190764
11.70364,998,0.625,0.624867554292891
11.71406,999,0.625,0.624261475190764
11.72375,1000,0.519999980926514,0.624261475190764
11.73297,1001,0.519999980926514,0.624261475190764
11.74339,1002,0.519999980926514,0.624261475190764
11.75262,1003,0.519999980926514,0.624261475190764
11.76182,1004,0.519999980926514,0.5891088872674
11.77051,1005,0.519999980926514,0.578199463429115
11.78005,1006,0.519999980926514,0.563047485875941
11.78957,1007,0.519999980926514,0.552744141139783
11.79806,1008,0.519999980926514,0.541834717301498
11.80689,1009,0.519999980926514,0.540016479995117
11.81603,1010,0.519999980926514,0.537592163586609
11.82465,1011,0.519999980926514,0.535773926280228
11.8338,1012,0.519999980926514,0.534561768075975
11.84299,1013,0.519999980926514,0.533349609871721
11.85161,1014,0.519999980926514,0.530925293463213
11.86193,1015,0.519999980926514,0.529107056156832
11.87223,1016,0.519999980926514,0.528500977054705
11.88224,1017,0.519999980926514,0.527288818850451
11.8927,1018,0.519999980926514,0.526682739748324
11.90179,1019,0.519999980926514,0.524864502441943
11.91173,1020,0.519999980926514,0.524258423339816
11.92057,1021,0.519999980926514,0.524258423339816
11.92978,1022,0.519999980926514,0.523046265135562
11.93817,1023,0.519999980926514,0.522440186033435
11.94747,1024,0.519999980926514,0.521834106931308
11.95676,1025,0.519999980926514,0.521834106931308
11.96531,1026,0.519999980926514,0.521228027829181
11.9754,1027,0.519999980926514,0.520621948727054
11.98473,1028,0.519999980926514,0.520621948727054
11.99527,1029,0.519999980926514,0.520015869624927
12.00555,1030,0.519999980926514,0.520015869624927
12.01505,1031,0.519999980926514,0.520015869624927
12.0241,1032,0.519999980926514,0.519409790522801
12.03276,1033,0.519999980926514,0.519409790522801
12.04193,1034,0.519999980926514,0.518803711420674
12.05093,1035,0.519999980926514,0.519409790522801
12.06152,1036,0.519999980926514,0.519409790522801
12.07057,1037,0.519999980926514,0.518803711420674
12.07966,1038,0.519999980926514,0.518803711420674
12.08807,1039,0.519999980926514,0.518803711420674
12.09724,1040,0.519999980926514,0.518803711420674
12.10756,1041,0.519999980926514,0.518803711420674
12.1167,1042,0.519999980926514,0.518803711420674
12.12788,1043,0.519999980926514,0.518803711420674
12.13737,1044,0.519999980926514,0.518197632318547
12.14785,1045,0.519999980926514,0.518197632318547
12.15758,1046,0.519999980926514,0.518197632318547
12.16844,1047,0.519999980926514,0.518197632318547
12.17769,1048,0.519999980926514,0.518197632318547
12.18676,1049,0.519999980926514,0.518197632318547
12.19672,1050,0.519999980926514,0.518197632318547
12.20684,1051,0.519999980926514,0.518197632318547
12.21628,1052,0.519999980926514,0.51759155321642
12.22529,1053,0.519999980926514,0.51759155321642
12.2348,1054,0.519999980926514,0.51759155321642
12.24504,1055,0.519999980926514,0.518197632318547
12.25492,1056,0.519999980926514,0.51759155321642
12.2643,1057,0.519999980926514,0.51759155321642
12.27355,1058,0.519999980926514,0.51759155321642
12.28264,1059,0.519999980926514,0.51759155321642
12.29132,1060,0.519999980926514,0.51759155321642
12.30097,1061,0.519999980926514,0.51759155321642
12.31085,1062,0.519999980926514,0.51759155321642
12.32064,1063,0.519999980926514,0.51759155321642
12.33012,1064,0.519999980926514,0.51759155321642
12.33928,1065,0.519999980926514,0.516985474114293
12.34923,1066,0.519999980926514,0.516985474114293
12.35817,1067,0.519999980926514,0.516985474114293
12.36654,1068,0.519999980926514,0.516985474114293
12.37491,1069,0.519999980926514,0.516985474114293
12.38549,1070,0.519999980926514,0.516985474114293
12.39399,1071,0.519999980926514,0.516985474114293
12.40303,1072,0.519999980926514,0.516985474114293
12.41457,1073,0.519999980926514,0.516985474114293
12.42414,1074,0.519999980926514,0.516379395012166
12.43368,1075,0.519999980926514,0.516985474114293
12.44368,1076,0.519999980926514,0.516379395012166
12.4529,1077,0.519999980926514,0.516379395012166
12.46215,1078,0.519999980926514,0.516379395012166
12.47209,1079,0.519999980926514,0.516985474114293
12.48229,1080,0.519999980926514,0.516379395012166
12.49135,1081,0.519999980926514,0.516379395012166
12.50071,1082,0.519999980926514,0.516379395012166
12.50999,1083,0.519999980926514,0.516379395012166
12.51988,1084,0.519999980926514,0.516379395012166
12.52945,1085,0.519999980926514,0.516379395012166
12.53971,1086,0.519999980926514,0.516379395012166
12.54956,1087,0.519999980926514,0.516379395012166
12.55852,1088,0.519999980926514,0.516379395012166
12.57069,1089,0.519999980926514,0.516379395012166
12.58103,1090,0.519999980926514,0.515773315910039
12.58989,1091,0.519999980926514,0.516379395012166
12.59918,1092,0.519999980926514,0.515773315910039
12.60829,1093,0.519999980926514,0.515773315910039
12.61787,1094,0.519999980926514,0.515773315910039
12.62697,1095,0.519999980926514,0.515773315910039
12.63714,1096,0.519999980926514,0.515773315910039
12.64787,1097,0.519999980926514,0.515773315910039
12.65646,1098,0.519999980926514,0.515773315910039
12.6667,1099,0.519999980926514,0.515773315910039
12.67519,1100,0.519999980926514,0.515773315910039
12.68535,1101,0.519999980926514,0.515773315910039
12.69602,1102,0.519999980926514,0.515167236807912
12.70547,1103,0.519999980926514,0.515167236807912
12.71457,1104,0.519999980926514,0.515167236807912
12.72489,1105,0.519999980926514,0.515167236807912
12.73458,1106,0.519999980926514,0.515167236807912
12.74488,1107,0.519999980926514,0.515167236807912
12.75322,1108,0.519999980926514,0.515167236807912
12.76378,1109,0.519999980926514,0.515167236807912
12.77277,1110,0.519999980926514,0.515167236807912
12.78165,1111,0.519999980926514,0.515167236807912
12.7905,1112,0.519999980926514,0.515167236807912
12.79957,1113,0.519999980926514,0.515167236807912
12.80955,1114,0.519999980926514,0.515167236807912
12.81812,1115,0.519999980926514,0.515167236807912
12.82838,1116,0.519999980926514,0.514561157705785
12.83856,1117,0.519999980926514,0.514561157705785
12.84801,1118,0.519999980926514,0.514561157705785
12.85907,1119,0.519999980926514,0.514561157705785
12.86738,1120,0.519999980926514,0.514561157705785
12.87722,1121,0.519999980926514,0.514561157705785
12.88583,1122,0.519999980926514,0.514561157705785
12.89475,1123,0.519999980926514,0.514561157705785
12.90518,1124,0.519999980926514,0.514561157705785
12.91423,1125,0.519999980926514,0.514561157705785
12.9229,1126,0.519999980926514,0.514561157705785
12.93297,1127,0.519999980926514,0.514561157705785
12.94916,1128,0.519999980926514,0.514561157705785
