Time [s] , Frame nr,Sent pressure 0,Received pressure 0
1.743489,0,0.519999980926514,0.505469971173881
1.746733,1,0.519999980926514,0.505469971173881
2.185129,2,0.519999980926514,0.518803711420674
2.208393,3,0.519999980926514,0.518197632318547
2.217664,4,0.519999980926514,0.518803711420674
2.226397,5,0.519999980926514,0.518803711420674
2.235307,6,0.519999980926514,0.518197632318547
2.243885,7,0.519999980926514,0.518197632318547
2.252528,8,0.519999980926514,0.518803711420674
2.260987,9,0.519999980926514,0.518803711420674
2.271499,10,0.519999980926514,0.518803711420674
2.281531,11,0.519999980926514,0.518803711420674
2.289982,12,0.519999980926514,0.518803711420674
2.300143,13,0.519999980926514,0.518803711420674
2.308497,14,0.519999980926514,0.518803711420674
2.318516,15,0.519999980926514,0.518803711420674
2.328886,16,0.519999980926514,0.518803711420674
2.338017,17,0.519999980926514,0.518803711420674
2.348231,18,0.519999980926514,0.518803711420674
2.357329,19,0.519999980926514,0.518803711420674
2.366396,20,0.519999980926514,0.518803711420674
2.376224,21,0.519999980926514,0.518803711420674
2.385207,22,0.519999980926514,0.518803711420674
2.393564,23,0.519999980926514,0.518803711420674
2.403167,24,0.519999980926514,0.518803711420674
2.412197,25,0.519999980926514,0.518803711420674
2.421601,26,0.519999980926514,0.518803711420674
2.430548,27,0.519999980926514,0.518803711420674
2.439676,28,0.519999980926514,0.518803711420674
2.448803,29,0.519999980926514,0.518803711420674
2.457994,30,0.519999980926514,0.518803711420674
2.466441,31,0.519999980926514,0.518803711420674
2.475906,32,0.519999980926514,0.518197632318547
2.484619,33,0.519999980926514,0.518803711420674
2.493317,34,0.519999980926514,0.518197632318547
2.502948,35,0.519999980926514,0.518803711420674
2.51259,36,0.519999980926514,0.518803711420674
2.521716,37,0.519999980926514,0.518803711420674
2.531204,38,0.519999980926514,0.518197632318547
2.540201,39,0.519999980926514,0.518803711420674
2.549008,40,0.519999980926514,0.518803711420674
2.558038,41,0.519999980926514,0.518197632318547
2.568284,42,0.519999980926514,0.518803711420674
2.577517,43,0.519999980926514,0.518197632318547
2.586888,44,0.519999980926514,0.518803711420674
2.59552,45,0.519999980926514,0.518803711420674
2.605992,46,0.519999980926514,0.518803711420674
2.616164,47,0.519999980926514,0.518803711420674
2.624993,48,0.519999980926514,0.518803711420674
2.635126,49,0.519999980926514,0.518803711420674
2.64348,50,0.519999980926514,0.518803711420674
2.652194,51,0.519999980926514,0.518803711420674
2.662516,52,0.519999980926514,0.518803711420674
2.67236,53,0.519999980926514,0.518803711420674
2.681509,54,0.519999980926514,0.518197632318547
2.691911,55,0.519999980926514,0.518803711420674
2.70266,56,0.519999980926514,0.518803711420674
2.712475,57,0.519999980926514,0.518197632318547
2.722487,58,0.519999980926514,0.518803711420674
2.733047,59,0.519999980926514,0.518803711420674
2.742223,60,0.519999980926514,0.518803711420674
2.752244,61,0.519999980926514,0.518803711420674
2.761733,62,0.519999980926514,0.518803711420674
2.771981,63,0.519999980926514,0.518803711420674
2.780502,64,0.519999980926514,0.518803711420674
2.78918,65,0.519999980926514,0.518803711420674
2.798606,66,0.519999980926514,0.518803711420674
2.807625,67,0.519999980926514,0.518803711420674
2.816469,68,0.519999980926514,0.518803711420674
2.825977,69,0.519999980926514,0.518803711420674
2.834801,70,0.519999980926514,0.518803711420674
2.843837,71,0.519999980926514,0.518803711420674
2.853021,72,0.519999980926514,0.518803711420674
2.863163,73,0.519999980926514,0.518803711420674
2.872112,74,0.519999980926514,0.518803711420674
2.882397,75,0.519999980926514,0.518803711420674
2.892134,76,0.519999980926514,0.518803711420674
2.902,77,0.519999980926514,0.518803711420674
2.911211,78,0.519999980926514,0.518197632318547
2.920609,79,0.519999980926514,0.518803711420674
2.929773,80,0.519999980926514,0.518803711420674
2.939987,81,0.519999980926514,0.518803711420674
2.949065,82,0.519999980926514,0.518803711420674
2.95824,83,0.519999980926514,0.518803711420674
2.967034,84,0.519999980926514,0.518803711420674
2.976312,85,0.519999980926514,0.518803711420674
2.985769,86,0.519999980926514,0.518803711420674
2.99487,87,0.519999980926514,0.518803711420674
3.003546,88,0.519999980926514,0.518803711420674
3.012462,89,0.519999980926514,0.518803711420674
3.021725,90,0.519999980926514,0.518803711420674
3.031415,91,0.519999980926514,0.518803711420674
3.041602,92,0.519999980926514,0.518803711420674
3.050255,93,0.519999980926514,0.518803711420674
3.058765,94,0.519999980926514,0.518803711420674
3.068137,95,0.519999980926514,0.518803711420674
3.077197,96,0.519999980926514,0.518803711420674
3.086716,97,0.519999980926514,0.518803711420674
3.096067,98,0.519999980926514,0.518803711420674
3.104697,99,0.519999980926514,0.518803711420674
3.114872,100,0.519999980926514,0.518803711420674
3.124059,101,0.519999980926514,0.518803711420674
3.134008,102,0.519999980926514,0.519409790522801
3.143598,103,0.519999980926514,0.518803711420674
3.153066,104,0.519999980926514,0.518803711420674
3.161773,105,0.519999980926514,0.518803711420674
3.170703,106,0.519999980926514,0.518803711420674
3.179768,107,0.519999980926514,0.518803711420674
3.188731,108,0.519999980926514,0.518803711420674
3.197865,109,0.519999980926514,0.518803711420674
3.206611,110,0.519999980926514,0.518803711420674
3.215822,111,0.519999980926514,0.518803711420674
3.224321,112,0.519999980926514,0.518803711420674
3.233717,113,0.519999980926514,0.518803711420674
3.243045,114,0.519999980926514,0.518803711420674
3.252164,115,0.519999980926514,0.518803711420674
3.262125,116,0.519999980926514,0.518803711420674
3.270778,117,0.519999980926514,0.518803711420674
3.280963,118,0.519999980926514,0.518803711420674
3.290483,119,0.519999980926514,0.518803711420674
3.299643,120,0.519999980926514,0.518803711420674
3.309757,121,0.519999980926514,0.519409790522801
3.318439,122,0.519999980926514,0.518803711420674
3.328953,123,0.519999980926514,0.519409790522801
3.338039,124,0.519999980926514,0.518803711420674
3.348887,125,0.519999980926514,0.518803711420674
3.358314,126,0.519999980926514,0.518803711420674
3.367705,127,0.519999980926514,0.518803711420674
3.378049,128,0.519999980926514,0.518803711420674
3.386619,129,0.519999980926514,0.518803711420674
3.395665,130,0.519999980926514,0.518803711420674
3.404895,131,0.519999980926514,0.518803711420674
3.41356,132,0.519999980926514,0.518803711420674
3.423243,133,0.519999980926514,0.518803711420674
3.432698,134,0.519999980926514,0.518803711420674
3.442316,135,0.519999980926514,0.518803711420674
3.450769,136,0.519999980926514,0.518803711420674
3.460436,137,0.519999980926514,0.518803711420674
3.47088,138,0.519999980926514,0.518803711420674
3.480143,139,0.519999980926514,0.518803711420674
3.489014,140,0.519999980926514,0.519409790522801
3.498202,141,0.519999980926514,0.519409790522801
3.506799,142,0.519999980926514,0.518803711420674
3.515766,143,0.519999980926514,0.519409790522801
3.524945,144,0.519999980926514,0.518803711420674
3.533411,145,0.519999980926514,0.518803711420674
3.541848,146,0.519999980926514,0.519409790522801
3.55058,147,0.519999980926514,0.519409790522801
3.560037,148,0.519999980926514,0.519409790522801
3.568612,149,0.519999980926514,0.518803711420674
3.577342,150,0.519999980926514,0.518803711420674
3.586924,151,0.519999980926514,0.519409790522801
3.595909,152,0.519999980926514,0.518803711420674
3.604434,153,0.519999980926514,0.519409790522801
3.614963,154,0.519999980926514,0.519409790522801
3.624292,155,0.519999980926514,0.518803711420674
3.633117,156,0.519999980926514,0.518803711420674
3.642606,157,0.519999980926514,0.519409790522801
3.652119,158,0.519999980926514,0.518803711420674
3.661222,159,0.519999980926514,0.518803711420674
3.670283,160,0.519999980926514,0.518803711420674
3.678961,161,0.519999980926514,0.519409790522801
3.68817,162,0.519999980926514,0.518803711420674
3.701878,163,0.519999980926514,0.518803711420674
3.711745,164,0.519999980926514,0.519409790522801
3.721201,165,0.519999980926514,0.518803711420674
3.731457,166,0.519999980926514,0.518803711420674
3.740263,167,0.519999980926514,0.518803711420674
3.749304,168,0.519999980926514,0.519409790522801
3.758487,169,0.519999980926514,0.518803711420674
3.767801,170,0.519999980926514,0.518803711420674
3.777166,171,0.519999980926514,0.518803711420674
3.786306,172,0.519999980926514,0.518803711420674
3.794907,173,0.519999980926514,0.518803711420674
3.803692,174,0.519999980926514,0.518803711420674
3.814334,175,0.519999980926514,0.518803711420674
3.823387,176,0.519999980926514,0.519409790522801
3.832591,177,0.519999980926514,0.518803711420674
3.841822,178,0.519999980926514,0.518803711420674
3.851892,179,0.519999980926514,0.518803711420674
3.86031,180,0.519999980926514,0.518803711420674
3.870386,181,0.519999980926514,0.519409790522801
3.880478,182,0.519999980926514,0.518803711420674
3.890987,183,0.519999980926514,0.519409790522801
3.901164,184,0.519999980926514,0.519409790522801
3.911354,185,0.519999980926514,0.518803711420674
3.920033,186,0.519999980926514,0.519409790522801
3.928571,187,0.519999980926514,0.518803711420674
3.93809,188,0.519999980926514,0.519409790522801
3.946675,189,0.519999980926514,0.519409790522801
3.955022,190,0.519999980926514,0.518803711420674
3.963649,191,0.519999980926514,0.518803711420674
3.973981,192,0.519999980926514,0.518803711420674
3.984078,193,0.519999980926514,0.518803711420674
3.993896,194,0.519999980926514,0.518803711420674
4.003068,195,0.519999980926514,0.518803711420674
4.012051,196,0.519999980926514,0.519409790522801
4.020721,197,0.519999980926514,0.518803711420674
4.031095,198,0.519999980926514,0.519409790522801
4.039703,199,0.519999980926514,0.518803711420674
4.048555,200,0.519999980926514,0.519409790522801
4.058989,201,0.519999980926514,0.518803711420674
4.068004,202,0.519999980926514,0.518803711420674
4.076396,203,0.519999980926514,0.518803711420674
4.085331,204,0.519999980926514,0.519409790522801
4.093859,205,0.519999980926514,0.518803711420674
4.102396,206,0.519999980926514,0.518803711420674
4.111619,207,0.519999980926514,0.518803711420674
4.12016,208,0.519999980926514,0.518803711420674
4.130511,209,0.519999980926514,0.518803711420674
4.1414,210,0.519999980926514,0.518803711420674
4.150408,211,0.519999980926514,0.518803711420674
4.15937,212,0.519999980926514,0.518803711420674
4.168302,213,0.519999980926514,0.518803711420674
4.178669,214,0.519999980926514,0.518803711420674
4.187498,215,0.519999980926514,0.518803711420674
4.197166,216,0.519999980926514,0.519409790522801
4.206342,217,0.519999980926514,0.518803711420674
4.215801,218,0.519999980926514,0.518803711420674
4.225055,219,0.519999980926514,0.519409790522801
4.234018,220,0.519999980926514,0.519409790522801
4.244409,221,0.519999980926514,0.518803711420674
4.254809,222,0.519999980926514,0.518803711420674
4.263401,223,0.519999980926514,0.518803711420674
4.272189,224,0.519999980926514,0.519409790522801
4.282475,225,0.519999980926514,0.519409790522801
4.292115,226,0.519999980926514,0.518803711420674
4.301113,227,0.519999980926514,0.518803711420674
4.310109,228,0.519999980926514,0.519409790522801
4.321095,229,0.519999980926514,0.519409790522801
4.330173,230,0.519999980926514,0.518803711420674
4.339055,231,0.519999980926514,0.518803711420674
4.348476,232,0.519999980926514,0.518803711420674
4.35699,233,0.519999980926514,0.518803711420674
4.366304,234,0.519999980926514,0.518803711420674
4.37662,235,0.519999980926514,0.518803711420674
4.386611,236,0.519999980926514,0.518803711420674
4.395111,237,0.519999980926514,0.518803711420674
4.404683,238,0.519999980926514,0.518803711420674
4.41538,239,0.519999980926514,0.518803711420674
4.42436,240,0.519999980926514,0.518803711420674
4.432784,241,0.519999980926514,0.519409790522801
4.44118,242,0.519999980926514,0.519409790522801
4.451246,243,0.519999980926514,0.518803711420674
4.460314,244,0.519999980926514,0.518803711420674
4.469456,245,0.519999980926514,0.518803711420674
4.480097,246,0.519999980926514,0.519409790522801
4.490298,247,0.519999980926514,0.519409790522801
4.501673,248,0.519999980926514,0.518803711420674
4.510868,249,0.519999980926514,0.518803711420674
4.521148,250,0.519999980926514,0.518803711420674
4.531456,251,0.519999980926514,0.518803711420674
4.541387,252,0.519999980926514,0.518803711420674
4.550567,253,0.519999980926514,0.519409790522801
4.55982,254,0.519999980926514,0.518803711420674
4.568287,255,0.519999980926514,0.519409790522801
4.577898,256,0.519999980926514,0.518803711420674
4.586665,257,0.519999980926514,0.518803711420674
4.595645,258,0.519999980926514,0.519409790522801
4.604956,259,0.519999980926514,0.518803711420674
4.614249,260,0.519999980926514,0.519409790522801
4.622639,261,0.519999980926514,0.518803711420674
4.632939,262,0.519999980926514,0.518803711420674
4.642771,263,0.519999980926514,0.518803711420674
4.651223,264,0.519999980926514,0.518803711420674
4.660646,265,0.519999980926514,0.519409790522801
4.66999,266,0.519999980926514,0.519409790522801
4.679063,267,0.519999980926514,0.519409790522801
4.688242,268,0.519999980926514,0.519409790522801
4.696982,269,0.519999980926514,0.519409790522801
4.705725,270,0.519999980926514,0.518803711420674
4.714228,271,0.519999980926514,0.519409790522801
4.722653,272,0.625,0.519409790522801
4.732104,273,0.625,0.519409790522801
4.742398,274,0.625,0.518803711420674
4.753124,275,0.625,0.613352051352479
4.762259,276,0.625,0.669111328748158
4.773192,277,0.625,0.672141724258793
4.781874,278,0.625,0.669717407850285
4.791166,279,0.625,0.647898560173715
4.800671,280,0.625,0.626079712497145
4.809888,281,0.625,0.615776367760986
4.818688,282,0.625,0.616382446863114
4.828915,283,0.625,0.61698852596524
4.837928,284,0.625,0.61698852596524
4.846824,285,0.625,0.616382446863114
4.855142,286,0.625,0.616382446863114
4.863528,287,0.625,0.615776367760986
4.872028,288,0.625,0.615776367760986
4.88062,289,0.625,0.616382446863114
4.889544,290,0.625,0.619412842373748
4.898407,291,0.625,0.622443237884383
4.909249,292,0.625,0.62304931698651
4.917873,293,0.625,0.62304931698651
4.92681,294,0.625,0.622443237884383
4.935201,295,0.625,0.622443237884383
4.944205,296,0.625,0.622443237884383
4.952862,297,0.625,0.622443237884383
4.961838,298,0.625,0.62304931698651
4.970428,299,0.625,0.62304931698651
4.980165,300,0.625,0.62304931698651
4.988894,301,0.625,0.62304931698651
4.997334,302,0.625,0.62304931698651
5.007592,303,0.625,0.623655396088637
5.017615,304,0.625,0.623655396088637
5.026002,305,0.625,0.623655396088637
5.036184,306,0.625,0.623655396088637
5.046446,307,0.625,0.624261475190764
5.054967,308,0.625,0.624261475190764
5.065252,309,0.625,0.624261475190764
5.07544,310,0.625,0.624261475190764
5.084049,311,0.625,0.624261475190764
5.093719,312,0.625,0.624261475190764
5.103058,313,0.625,0.624261475190764
5.111816,314,0.625,0.624261475190764
5.122046,315,0.625,0.624261475190764
5.130381,316,0.625,0.624261475190764
5.139594,317,0.625,0.624261475190764
5.148835,318,0.625,0.624261475190764
5.15764,319,0.625,0.624261475190764
5.167789,320,0.625,0.624261475190764
5.178695,321,0.625,0.624867554292891
5.187732,322,0.625,0.624261475190764
5.197662,323,0.625,0.624261475190764
5.206398,324,0.625,0.624261475190764
5.214927,325,0.625,0.624261475190764
5.22453,326,0.625,0.624261475190764
5.233829,327,0.625,0.624261475190764
5.2427,328,0.625,0.624261475190764
5.253037,329,0.625,0.624261475190764
5.262354,330,0.625,0.624261475190764
5.271879,331,0.625,0.624261475190764
5.28195,332,0.625,0.624261475190764
5.291847,333,0.625,0.624261475190764
5.300651,334,0.625,0.624261475190764
5.313262,335,0.625,0.624867554292891
5.323169,336,0.625,0.624261475190764
5.331872,337,0.625,0.624261475190764
5.341392,338,0.625,0.624261475190764
5.350595,339,0.625,0.624261475190764
5.359951,340,0.625,0.624867554292891
5.368383,341,0.625,0.624261475190764
5.377749,342,0.625,0.624261475190764
5.38647,343,0.625,0.624261475190764
5.395104,344,0.625,0.624867554292891
5.403628,345,0.625,0.624261475190764
5.413867,346,0.625,0.624261475190764
5.422502,347,0.625,0.624261475190764
5.432769,348,0.625,0.624261475190764
5.442267,349,0.625,0.624261475190764
5.451306,350,0.625,0.624261475190764
5.45998,351,0.625,0.624261475190764
5.468382,352,0.625,0.624867554292891
5.476757,353,0.625,0.624867554292891
5.487043,354,0.625,0.624261475190764
5.497211,355,0.625,0.624261475190764
5.507501,356,0.625,0.624261475190764
5.518307,357,0.625,0.624261475190764
5.526828,358,0.625,0.624867554292891
5.535723,359,0.625,0.624261475190764
5.544123,360,0.625,0.624867554292891
5.554452,361,0.625,0.624867554292891
5.562932,362,0.625,0.624261475190764
5.572031,363,0.625,0.624261475190764
5.581316,364,0.625,0.624867554292891
5.590546,365,0.625,0.624261475190764
5.599584,366,0.625,0.624867554292891
5.6085,367,0.625,0.624867554292891
5.617614,368,0.625,0.624867554292891
5.626809,369,0.625,0.624867554292891
5.635562,370,0.625,0.624867554292891
5.64615,371,0.625,0.624867554292891
5.656128,372,0.625,0.624867554292891
5.666158,373,0.625,0.624261475190764
5.6764,374,0.625,0.624261475190764
5.687102,375,0.625,0.624867554292891
5.697077,376,0.625,0.624867554292891
5.705789,377,0.625,0.624261475190764
5.714238,378,0.625,0.624261475190764
5.724511,379,0.519999980926514,0.624867554292891
5.734841,380,0.519999980926514,0.624261475190764
5.744201,381,0.519999980926514,0.624261475190764
5.752882,382,0.519999980926514,0.532137451667467
5.763671,383,0.519999980926514,0.506682129378134
5.772129,384,0.519999980926514,0.505469971173881
5.781213,385,0.519999980926514,0.505469971173881
5.79159,386,0.519999980926514,0.505469971173881
5.800031,387,0.519999980926514,0.505469971173881
5.809064,388,0.519999980926514,0.505469971173881
5.817924,389,0.519999980926514,0.506076050276008
5.827138,390,0.519999980926514,0.506076050276008
5.837345,391,0.519999980926514,0.506076050276008
5.845814,392,0.519999980926514,0.506076050276008
5.854773,393,0.519999980926514,0.506076050276008
5.863588,394,0.519999980926514,0.506076050276008
5.871908,395,0.519999980926514,0.506682129378134
5.88073,396,0.519999980926514,0.506682129378134
5.889454,397,0.519999980926514,0.506076050276008
5.898838,398,0.519999980926514,0.506682129378134
5.90785,399,0.519999980926514,0.507288208480261
5.916589,400,0.519999980926514,0.509106445786642
5.925902,401,0.519999980926514,0.510924683093023
5.934652,402,0.519999980926514,0.513348999501531
5.943054,403,0.519999980926514,0.513955078603658
5.953284,404,0.519999980926514,0.514561157705785
5.963532,405,0.519999980926514,0.515167236807912
5.974134,406,0.519999980926514,0.515167236807912
5.982737,407,0.519999980926514,0.515773315910039
5.991687,408,0.519999980926514,0.515773315910039
6.000188,409,0.519999980926514,0.516379395012166
6.010523,410,0.519999980926514,0.516985474114293
6.020875,411,0.519999980926514,0.516985474114293
6.03162,412,0.519999980926514,0.51759155321642
6.040364,413,0.519999980926514,0.51759155321642
6.04867,414,0.519999980926514,0.518197632318547
6.05705,415,0.519999980926514,0.518197632318547
6.06719,416,0.519999980926514,0.518197632318547
6.076814,417,0.519999980926514,0.518197632318547
6.087036,418,0.519999980926514,0.518803711420674
6.097351,419,0.519999980926514,0.518803711420674
6.110195,420,0.519999980926514,0.518803711420674
6.118835,421,0.519999980926514,0.518803711420674
6.128391,422,0.519999980926514,0.518803711420674
6.138844,423,0.519999980926514,0.518803711420674
6.147688,424,0.519999980926514,0.518803711420674
6.156976,425,0.519999980926514,0.518803711420674
6.166327,426,0.519999980926514,0.518803711420674
6.175384,427,0.519999980926514,0.518803711420674
6.183764,428,0.519999980926514,0.518803711420674
6.19265,429,0.519999980926514,0.518803711420674
6.203099,430,0.519999980926514,0.519409790522801
6.211602,431,0.519999980926514,0.518803711420674
6.220954,432,0.519999980926514,0.519409790522801
6.2294,433,0.519999980926514,0.519409790522801
6.239619,434,0.519999980926514,0.518803711420674
6.248228,435,0.519999980926514,0.519409790522801
6.256649,436,0.519999980926514,0.518803711420674
6.26529,437,0.519999980926514,0.518803711420674
6.274042,438,0.519999980926514,0.518803711420674
6.28293,439,0.519999980926514,0.519409790522801
6.292021,440,0.519999980926514,0.519409790522801
6.301206,441,0.519999980926514,0.519409790522801
6.311469,442,0.519999980926514,0.519409790522801
6.320807,443,0.519999980926514,0.518803711420674
6.331606,444,0.519999980926514,0.519409790522801
6.341534,445,0.519999980926514,0.518803711420674
6.349861,446,0.519999980926514,0.518803711420674
6.358386,447,0.519999980926514,0.518803711420674
6.36869,448,0.519999980926514,0.518803711420674
6.37832,449,0.519999980926514,0.519409790522801
6.386771,450,0.519999980926514,0.519409790522801
6.395598,451,0.519999980926514,0.518803711420674
6.406231,452,0.519999980926514,0.519409790522801
6.414556,453,0.519999980926514,0.519409790522801
6.425249,454,0.519999980926514,0.519409790522801
6.434739,455,0.519999980926514,0.519409790522801
6.444367,456,0.519999980926514,0.518803711420674
6.453609,457,0.519999980926514,0.519409790522801
6.463056,458,0.519999980926514,0.519409790522801
6.472148,459,0.519999980926514,0.519409790522801
6.48224,460,0.519999980926514,0.519409790522801
6.490713,461,0.519999980926514,0.519409790522801
6.500829,462,0.519999980926514,0.519409790522801
6.509529,463,0.519999980926514,0.519409790522801
6.518084,464,0.519999980926514,0.519409790522801
6.526401,465,0.519999980926514,0.518803711420674
6.553024,466,0.519999980926514,0.518803711420674
6.561818,467,0.519999980926514,0.518803711420674
6.570715,468,0.519999980926514,0.519409790522801
6.579702,469,0.519999980926514,0.519409790522801
6.588615,470,0.519999980926514,0.519409790522801
6.597878,471,0.519999980926514,0.519409790522801
6.606857,472,0.519999980926514,0.518803711420674
6.616072,473,0.519999980926514,0.519409790522801
6.62569,474,0.519999980926514,0.519409790522801
6.638127,475,0.519999980926514,0.519409790522801
