Time [s] , Frame nr,Sent pressure 0,Received pressure 0
1.726765,0,0.519999980926514,0.505469971173881
1.729874,1,0.519999980926514,0.505469971173881
2.175309,2,0.519999980926514,0.505469971173881
2.207232,3,0.519999980926514,0.510318603990896
2.217158,4,0.519999980926514,0.512136841297277
2.226122,5,0.519999980926514,0.513348999501531
2.234527,6,0.519999980926514,0.513955078603658
2.244176,7,0.519999980926514,0.515167236807912
2.253575,8,0.519999980926514,0.515167236807912
2.263803,9,0.519999980926514,0.515167236807912
2.272445,10,0.519999980926514,0.515167236807912
2.28198,11,0.519999980926514,0.515167236807912
2.291834,12,0.519999980926514,0.515167236807912
2.3011,13,0.519999980926514,0.515167236807912
2.309436,14,0.519999980926514,0.515167236807912
2.318606,15,0.519999980926514,0.515167236807912
2.328969,16,0.519999980926514,0.515167236807912
2.338345,17,0.519999980926514,0.516379395012166
2.348512,18,0.519999980926514,0.51759155321642
2.360534,19,0.519999980926514,0.518197632318547
2.370276,20,0.519999980926514,0.51759155321642
2.380301,21,0.519999980926514,0.518803711420674
2.38871,22,0.519999980926514,0.518803711420674
2.398322,23,0.519999980926514,0.518803711420674
2.407969,24,0.519999980926514,0.518803711420674
2.416789,25,0.519999980926514,0.518803711420674
2.425566,26,0.519999980926514,0.518803711420674
2.434538,27,0.519999980926514,0.518803711420674
2.442918,28,0.519999980926514,0.518803711420674
2.452938,29,0.519999980926514,0.518803711420674
2.462132,30,0.519999980926514,0.518803711420674
2.471327,31,0.519999980926514,0.518803711420674
2.479878,32,0.519999980926514,0.518803711420674
2.489053,33,0.519999980926514,0.518803711420674
2.497404,34,0.519999980926514,0.518803711420674
2.507739,35,0.519999980926514,0.518197632318547
2.517282,36,0.519999980926514,0.518803711420674
2.526951,37,0.519999980926514,0.518803711420674
2.536332,38,0.519999980926514,0.518803711420674
2.546678,39,0.519999980926514,0.518803711420674
2.556102,40,0.519999980926514,0.518197632318547
2.564779,41,0.519999980926514,0.518803711420674
2.574356,42,0.519999980926514,0.518803711420674
2.584122,43,0.519999980926514,0.518803711420674
2.593406,44,0.519999980926514,0.518803711420674
2.602045,45,0.519999980926514,0.518803711420674
2.610471,46,0.519999980926514,0.518197632318547
2.621127,47,0.519999980926514,0.518197632318547
2.631221,48,0.519999980926514,0.518197632318547
2.641595,49,0.519999980926514,0.518197632318547
2.651623,50,0.519999980926514,0.518197632318547
2.661184,51,0.519999980926514,0.518197632318547
2.669535,52,0.519999980926514,0.518197632318547
2.679334,53,0.519999980926514,0.518197632318547
2.687644,54,0.519999980926514,0.518197632318547
2.698087,55,0.519999980926514,0.518197632318547
2.706735,56,0.519999980926514,0.518197632318547
2.715752,57,0.519999980926514,0.518197632318547
2.725941,58,0.519999980926514,0.518197632318547
2.735942,59,0.519999980926514,0.518197632318547
2.745373,60,0.519999980926514,0.518197632318547
2.755344,61,0.519999980926514,0.518197632318547
2.765557,62,0.519999980926514,0.518803711420674
2.775789,63,0.519999980926514,0.518197632318547
2.78671,64,0.519999980926514,0.518197632318547
2.797173,65,0.519999980926514,0.518197632318547
2.806964,66,0.519999980926514,0.518197632318547
2.815848,67,0.519999980926514,0.518197632318547
2.824926,68,0.519999980926514,0.518197632318547
2.834334,69,0.519999980926514,0.518197632318547
2.843713,70,0.519999980926514,0.518197632318547
2.853734,71,0.519999980926514,0.518197632318547
2.86294,72,0.519999980926514,0.518197632318547
2.871289,73,0.519999980926514,0.518197632318547
2.8808,74,0.519999980926514,0.518197632318547
2.891134,75,0.519999980926514,0.518197632318547
2.899608,76,0.519999980926514,0.518197632318547
2.908988,77,0.519999980926514,0.518197632318547
2.917774,78,0.519999980926514,0.518197632318547
2.926502,79,0.519999980926514,0.518197632318547
2.936788,80,0.519999980926514,0.51759155321642
2.945451,81,0.519999980926514,0.518197632318547
2.955101,82,0.519999980926514,0.518197632318547
2.966174,83,0.519999980926514,0.518197632318547
2.976071,84,0.519999980926514,0.518197632318547
2.985219,85,0.519999980926514,0.518197632318547
2.993655,86,0.519999980926514,0.518197632318547
3.00396,87,0.519999980926514,0.518197632318547
3.013065,88,0.519999980926514,0.518197632318547
3.022191,89,0.519999980926514,0.518197632318547
3.030693,90,0.519999980926514,0.51759155321642
3.040656,91,0.519999980926514,0.518197632318547
3.04968,92,0.519999980926514,0.518197632318547
3.058836,93,0.519999980926514,0.518197632318547
3.067538,94,0.519999980926514,0.51759155321642
3.078521,95,0.519999980926514,0.518197632318547
3.088662,96,0.519999980926514,0.51759155321642
3.097277,97,0.519999980926514,0.51759155321642
3.106243,98,0.519999980926514,0.518197632318547
3.116504,99,0.519999980926514,0.51759155321642
3.126924,100,0.519999980926514,0.51759155321642
3.136572,101,0.519999980926514,0.51759155321642
3.146052,102,0.519999980926514,0.51759155321642
3.154637,103,0.519999980926514,0.51759155321642
3.163015,104,0.519999980926514,0.51759155321642
3.171872,105,0.519999980926514,0.51759155321642
3.181971,106,0.519999980926514,0.51759155321642
3.192098,107,0.519999980926514,0.51759155321642
3.200839,108,0.519999980926514,0.51759155321642
3.209406,109,0.519999980926514,0.51759155321642
3.218156,110,0.519999980926514,0.51759155321642
3.2269,111,0.519999980926514,0.51759155321642
3.236488,112,0.519999980926514,0.51759155321642
3.24695,113,0.519999980926514,0.51759155321642
3.25583,114,0.519999980926514,0.51759155321642
3.265558,115,0.519999980926514,0.51759155321642
3.275908,116,0.519999980926514,0.51759155321642
3.286223,117,0.519999980926514,0.51759155321642
3.296052,118,0.519999980926514,0.51759155321642
3.305947,119,0.519999980926514,0.51759155321642
3.315237,120,0.519999980926514,0.51759155321642
3.323774,121,0.519999980926514,0.51759155321642
3.332786,122,0.519999980926514,0.51759155321642
3.343653,123,0.519999980926514,0.51759155321642
3.354234,124,0.519999980926514,0.51759155321642
3.36476,125,0.519999980926514,0.516985474114293
3.37409,126,0.519999980926514,0.51759155321642
3.383065,127,0.519999980926514,0.51759155321642
3.394647,128,0.519999980926514,0.51759155321642
3.4038,129,0.519999980926514,0.516985474114293
3.413832,130,0.519999980926514,0.51759155321642
3.422308,131,0.519999980926514,0.51759155321642
3.430654,132,0.519999980926514,0.51759155321642
3.440935,133,0.519999980926514,0.516985474114293
3.449847,134,0.519999980926514,0.51759155321642
3.460507,135,0.519999980926514,0.51759155321642
3.470584,136,0.519999980926514,0.51759155321642
3.47998,137,0.519999980926514,0.51759155321642
3.490191,138,0.519999980926514,0.51759155321642
3.500389,139,0.519999980926514,0.516985474114293
3.509592,140,0.519999980926514,0.516985474114293
3.518793,141,0.519999980926514,0.51759155321642
3.527221,142,0.519999980926514,0.51759155321642
3.53693,143,0.519999980926514,0.51759155321642
3.546438,144,0.519999980926514,0.516985474114293
3.554778,145,0.519999980926514,0.51759155321642
3.563954,146,0.519999980926514,0.51759155321642
3.574053,147,0.519999980926514,0.516985474114293
3.583148,148,0.519999980926514,0.516985474114293
3.593501,149,0.519999980926514,0.51759155321642
3.602082,150,0.519999980926514,0.516985474114293
3.610668,151,0.519999980926514,0.51759155321642
3.61912,152,0.519999980926514,0.51759155321642
3.628154,153,0.519999980926514,0.516985474114293
3.638996,154,0.519999980926514,0.516985474114293
3.647923,155,0.519999980926514,0.51759155321642
3.656381,156,0.519999980926514,0.516985474114293
3.666085,157,0.519999980926514,0.51759155321642
3.674922,158,0.519999980926514,0.51759155321642
3.684686,159,0.519999980926514,0.51759155321642
3.694198,160,0.519999980926514,0.51759155321642
3.702726,161,0.519999980926514,0.516985474114293
3.713038,162,0.519999980926514,0.51759155321642
3.721833,163,0.519999980926514,0.51759155321642
3.730629,164,0.519999980926514,0.51759155321642
3.740084,165,0.519999980926514,0.51759155321642
3.749658,166,0.519999980926514,0.51759155321642
3.75874,167,0.519999980926514,0.51759155321642
3.767438,168,0.519999980926514,0.516985474114293
3.777845,169,0.519999980926514,0.51759155321642
3.788246,170,0.519999980926514,0.51759155321642
3.797936,171,0.519999980926514,0.51759155321642
3.808025,172,0.519999980926514,0.516985474114293
3.817003,173,0.519999980926514,0.51759155321642
3.827761,174,0.519999980926514,0.51759155321642
3.838004,175,0.519999980926514,0.51759155321642
3.846512,176,0.519999980926514,0.51759155321642
3.855938,177,0.519999980926514,0.51759155321642
3.864214,178,0.519999980926514,0.51759155321642
3.873498,179,0.519999980926514,0.51759155321642
3.883658,180,0.519999980926514,0.51759155321642
3.894115,181,0.519999980926514,0.51759155321642
3.902775,182,0.519999980926514,0.516985474114293
3.913761,183,0.519999980926514,0.51759155321642
3.92357,184,0.519999980926514,0.51759155321642
3.932493,185,0.519999980926514,0.516985474114293
3.941477,186,0.519999980926514,0.516985474114293
3.949878,187,0.519999980926514,0.51759155321642
3.958769,188,0.519999980926514,0.51759155321642
3.968182,189,0.519999980926514,0.51759155321642
3.977875,190,0.519999980926514,0.51759155321642
3.986521,191,0.519999980926514,0.51759155321642
3.996447,192,0.519999980926514,0.51759155321642
4.004784,193,0.519999980926514,0.516985474114293
4.015053,194,0.519999980926514,0.51759155321642
4.024348,195,0.519999980926514,0.51759155321642
4.03348,196,0.519999980926514,0.51759155321642
4.044247,197,0.519999980926514,0.51759155321642
4.052732,198,0.519999980926514,0.51759155321642
4.061967,199,0.519999980926514,0.51759155321642
4.072131,200,0.519999980926514,0.51759155321642
4.082213,201,0.519999980926514,0.51759155321642
4.092013,202,0.519999980926514,0.51759155321642
4.101285,203,0.519999980926514,0.518197632318547
4.115085,204,0.519999980926514,0.51759155321642
4.123533,205,0.519999980926514,0.51759155321642
4.131908,206,0.519999980926514,0.51759155321642
4.141795,207,0.519999980926514,0.51759155321642
4.15182,208,0.519999980926514,0.51759155321642
4.160381,209,0.519999980926514,0.51759155321642
4.17021,210,0.519999980926514,0.51759155321642
4.178874,211,0.519999980926514,0.51759155321642
4.188646,212,0.519999980926514,0.51759155321642
4.199459,213,0.519999980926514,0.51759155321642
4.208604,214,0.519999980926514,0.51759155321642
4.21782,215,0.519999980926514,0.51759155321642
4.226181,216,0.519999980926514,0.518197632318547
4.235133,217,0.519999980926514,0.51759155321642
4.243732,218,0.519999980926514,0.51759155321642
4.253773,219,0.519999980926514,0.51759155321642
4.262753,220,0.519999980926514,0.51759155321642
4.271286,221,0.519999980926514,0.51759155321642
4.279987,222,0.519999980926514,0.518197632318547
4.288335,223,0.519999980926514,0.51759155321642
4.296674,224,0.519999980926514,0.51759155321642
4.306963,225,0.519999980926514,0.51759155321642
4.31556,226,0.519999980926514,0.51759155321642
4.324591,227,0.519999980926514,0.518197632318547
4.333216,228,0.519999980926514,0.51759155321642
4.341813,229,0.519999980926514,0.518197632318547
4.350708,230,0.519999980926514,0.51759155321642
4.360324,231,0.519999980926514,0.51759155321642
4.369572,232,0.519999980926514,0.51759155321642
4.378014,233,0.519999980926514,0.518197632318547
4.387238,234,0.519999980926514,0.51759155321642
4.395806,235,0.519999980926514,0.51759155321642
4.404898,236,0.519999980926514,0.518197632318547
4.413886,237,0.519999980926514,0.518197632318547
4.423014,238,0.519999980926514,0.51759155321642
4.433717,239,0.519999980926514,0.51759155321642
4.44263,240,0.519999980926514,0.51759155321642
4.451881,241,0.519999980926514,0.518197632318547
4.46046,242,0.519999980926514,0.51759155321642
4.469856,243,0.519999980926514,0.518197632318547
4.480324,244,0.519999980926514,0.518197632318547
4.490405,245,0.519999980926514,0.518197632318547
4.499588,246,0.519999980926514,0.518197632318547
4.508519,247,0.519999980926514,0.518197632318547
4.518629,248,0.519999980926514,0.518197632318547
4.527116,249,0.519999980926514,0.51759155321642
4.536201,250,0.519999980926514,0.518197632318547
4.546958,251,0.519999980926514,0.518197632318547
4.556719,252,0.519999980926514,0.518197632318547
4.565166,253,0.519999980926514,0.518197632318547
4.574391,254,0.519999980926514,0.518197632318547
4.584408,255,0.519999980926514,0.518197632318547
4.594236,256,0.519999980926514,0.518197632318547
4.603367,257,0.519999980926514,0.518197632318547
4.611812,258,0.519999980926514,0.518197632318547
4.620262,259,0.519999980926514,0.518197632318547
4.628731,260,0.519999980926514,0.518197632318547
4.638976,261,0.519999980926514,0.518197632318547
4.649317,262,0.519999980926514,0.518197632318547
4.657701,263,0.519999980926514,0.518197632318547
4.667325,264,0.519999980926514,0.518197632318547
4.677146,265,0.519999980926514,0.51759155321642
4.687206,266,0.519999980926514,0.518197632318547
4.697521,267,0.519999980926514,0.518197632318547
4.70801,268,0.519999980926514,0.518197632318547
4.717929,269,0.519999980926514,0.518197632318547
4.726341,270,0.519999980926514,0.518197632318547
4.736698,271,0.519999980926514,0.518197632318547
4.746946,272,0.519999980926514,0.518197632318547
4.755735,273,0.519999980926514,0.51759155321642
4.764923,274,0.519999980926514,0.518197632318547
4.773499,275,0.519999980926514,0.518197632318547
4.781852,276,0.519999980926514,0.518197632318547
4.791086,277,0.519999980926514,0.518197632318547
4.799727,278,0.519999980926514,0.518197632318547
4.808692,279,0.519999980926514,0.518197632318547
4.817817,280,0.519999980926514,0.518197632318547
4.828514,281,0.519999980926514,0.518197632318547
4.837111,282,0.519999980926514,0.51759155321642
4.846128,283,0.519999980926514,0.518197632318547
4.855196,284,0.519999980926514,0.518197632318547
4.863642,285,0.519999980926514,0.518197632318547
4.87209,286,0.519999980926514,0.518197632318547
4.881534,287,0.519999980926514,0.518197632318547
4.891429,288,0.519999980926514,0.518197632318547
4.900531,289,0.519999980926514,0.518197632318547
4.909726,290,0.519999980926514,0.518197632318547
4.918704,291,0.519999980926514,0.518197632318547
4.927955,292,0.519999980926514,0.518197632318547
4.938726,293,0.519999980926514,0.518197632318547
4.948597,294,0.519999980926514,0.518197632318547
4.957036,295,0.519999980926514,0.518197632318547
4.965388,296,0.519999980926514,0.518197632318547
4.974231,297,0.519999980926514,0.518197632318547
4.98298,298,0.519999980926514,0.518197632318547
4.991537,299,0.519999980926514,0.518197632318547
5.001753,300,0.519999980926514,0.518197632318547
5.011326,301,0.519999980926514,0.518197632318547
5.020022,302,0.519999980926514,0.518197632318547
5.028424,303,0.519999980926514,0.518197632318547
5.037519,304,0.519999980926514,0.518197632318547
5.047008,305,0.519999980926514,0.518197632318547
5.056707,306,0.519999980926514,0.518197632318547
5.066483,307,0.519999980926514,0.518197632318547
5.074946,308,0.519999980926514,0.518197632318547
5.084967,309,0.519999980926514,0.518197632318547
5.09389,310,0.519999980926514,0.518197632318547
5.103473,311,0.519999980926514,0.518197632318547
5.111876,312,0.519999980926514,0.518197632318547
5.121078,313,0.519999980926514,0.518197632318547
5.129578,314,0.519999980926514,0.518197632318547
5.138273,315,0.519999980926514,0.518197632318547
5.147941,316,0.519999980926514,0.518197632318547
5.157448,317,0.519999980926514,0.518197632318547
5.167058,318,0.519999980926514,0.518197632318547
5.175659,319,0.519999980926514,0.518197632318547
5.184419,320,0.519999980926514,0.518197632318547
5.194832,321,0.519999980926514,0.518197632318547
5.204137,322,0.519999980926514,0.518197632318547
5.212494,323,0.519999980926514,0.518197632318547
5.22125,324,0.519999980926514,0.518197632318547
5.230443,325,0.519999980926514,0.518197632318547
5.239559,326,0.519999980926514,0.518197632318547
5.249266,327,0.519999980926514,0.518197632318547
5.259698,328,0.519999980926514,0.518197632318547
5.268094,329,0.519999980926514,0.518197632318547
5.277679,330,0.519999980926514,0.518197632318547
5.287384,331,0.519999980926514,0.518197632318547
5.295971,332,0.519999980926514,0.518197632318547
5.305026,333,0.519999980926514,0.518197632318547
5.315162,334,0.519999980926514,0.518197632318547
5.32363,335,0.519999980926514,0.518197632318547
5.333975,336,0.519999980926514,0.518197632318547
5.344138,337,0.519999980926514,0.518197632318547
5.354266,338,0.519999980926514,0.518197632318547
5.363433,339,0.519999980926514,0.518197632318547
5.373312,340,0.519999980926514,0.518197632318547
5.382426,341,0.519999980926514,0.518197632318547
5.392656,342,0.519999980926514,0.518197632318547
5.402346,343,0.519999980926514,0.518197632318547
5.411328,344,0.519999980926514,0.518197632318547
5.420492,345,0.519999980926514,0.518197632318547
5.430084,346,0.519999980926514,0.518197632318547
5.441303,347,0.519999980926514,0.518197632318547
5.450673,348,0.519999980926514,0.518197632318547
5.460205,349,0.519999980926514,0.518197632318547
5.469818,350,0.519999980926514,0.518197632318547
5.478547,351,0.519999980926514,0.518197632318547
5.487251,352,0.519999980926514,0.518197632318547
5.496377,353,0.519999980926514,0.518197632318547
5.506931,354,0.519999980926514,0.518197632318547
5.515976,355,0.519999980926514,0.518197632318547
5.524451,356,0.519999980926514,0.518197632318547
5.53346,357,0.519999980926514,0.518197632318547
5.542306,358,0.519999980926514,0.518197632318547
5.55271,359,0.519999980926514,0.518197632318547
5.562626,360,0.519999980926514,0.518197632318547
5.572328,361,0.519999980926514,0.518197632318547
5.581733,362,0.519999980926514,0.518197632318547
5.591625,363,0.519999980926514,0.518197632318547
5.600257,364,0.519999980926514,0.518197632318547
5.610509,365,0.519999980926514,0.518197632318547
5.620219,366,0.519999980926514,0.518197632318547
5.628953,367,0.519999980926514,0.518197632318547
5.637709,368,0.519999980926514,0.518197632318547
5.646176,369,0.519999980926514,0.518197632318547
5.65643,370,0.519999980926514,0.518197632318547
5.66728,371,0.519999980926514,0.518197632318547
5.676761,372,0.519999980926514,0.518197632318547
5.686055,373,0.519999980926514,0.518197632318547
5.695542,374,0.519999980926514,0.518197632318547
5.705773,375,0.519999980926514,0.518197632318547
5.716076,376,0.519999980926514,0.518197632318547
5.725772,377,0.519999980926514,0.518197632318547
5.734801,378,0.519999980926514,0.518197632318547
5.744374,379,0.519999980926514,0.518197632318547
5.753875,380,0.519999980926514,0.518197632318547
5.764874,381,0.519999980926514,0.518197632318547
5.77328,382,0.519999980926514,0.518197632318547
5.782166,383,0.519999980926514,0.518197632318547
5.792927,384,0.519999980926514,0.518197632318547
5.803149,385,0.519999980926514,0.518197632318547
5.814031,386,0.519999980926514,0.518197632318547
5.823315,387,0.519999980926514,0.51759155321642
5.83262,388,0.519999980926514,0.51759155321642
5.842581,389,0.519999980926514,0.518197632318547
5.852137,390,0.519999980926514,0.518197632318547
5.860506,391,0.519999980926514,0.518197632318547
5.869752,392,0.519999980926514,0.518197632318547
5.878617,393,0.519999980926514,0.518197632318547
5.888069,394,0.519999980926514,0.518197632318547
5.898168,395,0.519999980926514,0.518197632318547
5.907973,396,0.519999980926514,0.518197632318547
5.916418,397,0.519999980926514,0.518197632318547
5.926863,398,0.519999980926514,0.518197632318547
5.936813,399,0.519999980926514,0.518197632318547
5.945268,400,0.519999980926514,0.518197632318547
5.955255,401,0.519999980926514,0.518197632318547
5.964795,402,0.519999980926514,0.518197632318547
5.974301,403,0.519999980926514,0.518197632318547
5.983459,404,0.519999980926514,0.518197632318547
5.992181,405,0.519999980926514,0.518197632318547
6.000941,406,0.519999980926514,0.518197632318547
6.011219,407,0.519999980926514,0.518197632318547
6.021978,408,0.519999980926514,0.518197632318547
6.03166,409,0.519999980926514,0.518197632318547
6.041058,410,0.519999980926514,0.518197632318547
6.050623,411,0.519999980926514,0.518197632318547
6.059042,412,0.519999980926514,0.518197632318547
6.06917,413,0.519999980926514,0.518197632318547
6.079533,414,0.519999980926514,0.518197632318547
6.088846,415,0.519999980926514,0.518197632318547
6.098806,416,0.519999980926514,0.518803711420674
6.108166,417,0.519999980926514,0.518803711420674
6.116949,418,0.519999980926514,0.518197632318547
6.125998,419,0.519999980926514,0.518197632318547
6.13567,420,0.519999980926514,0.518197632318547
6.14502,421,0.519999980926514,0.518197632318547
6.153972,422,0.519999980926514,0.518197632318547
6.162715,423,0.519999980926514,0.518197632318547
6.172982,424,0.519999980926514,0.518197632318547
6.183209,425,0.519999980926514,0.518197632318547
6.192644,426,0.519999980926514,0.518197632318547
6.202476,427,0.519999980926514,0.518197632318547
6.211901,428,0.519999980926514,0.518197632318547
6.221488,429,0.519999980926514,0.518197632318547
6.230418,430,0.519999980926514,0.518803711420674
6.239946,431,0.519999980926514,0.518197632318547
6.248454,432,0.519999980926514,0.518197632318547
6.257298,433,0.519999980926514,0.518803711420674
6.268003,434,0.519999980926514,0.518803711420674
6.277653,435,0.519999980926514,0.518197632318547
6.286763,436,0.519999980926514,0.518803711420674
6.297355,437,0.519999980926514,0.518197632318547
6.307244,438,0.519999980926514,0.518197632318547
6.317305,439,0.519999980926514,0.518197632318547
6.325662,440,0.519999980926514,0.518197632318547
6.334193,441,0.519999980926514,0.518197632318547
6.34545,442,0.519999980926514,0.518197632318547
6.354028,443,0.519999980926514,0.518197632318547
6.362667,444,0.519999980926514,0.518197632318547
6.372198,445,0.519999980926514,0.518197632318547
6.381361,446,0.519999980926514,0.518197632318547
6.391537,447,0.519999980926514,0.518803711420674
6.400294,448,0.519999980926514,0.518197632318547
6.409016,449,0.519999980926514,0.518197632318547
6.420106,450,0.519999980926514,0.518197632318547
6.429051,451,0.519999980926514,0.518197632318547
6.438718,452,0.519999980926514,0.518197632318547
6.447624,453,0.519999980926514,0.518197632318547
6.457839,454,0.519999980926514,0.518197632318547
6.467306,455,0.519999980926514,0.518197632318547
6.476805,456,0.519999980926514,0.518197632318547
6.485833,457,0.519999980926514,0.518197632318547
6.495783,458,0.519999980926514,0.518197632318547
6.504142,459,0.519999980926514,0.518197632318547
6.513313,460,0.519999980926514,0.518803711420674
6.523598,461,0.519999980926514,0.518197632318547
6.533633,462,0.519999980926514,0.518803711420674
6.542037,463,0.519999980926514,0.518197632318547
6.550707,464,0.519999980926514,0.518197632318547
6.559769,465,0.519999980926514,0.518197632318547
6.568159,466,0.519999980926514,0.518197632318547
6.577106,467,0.519999980926514,0.518197632318547
6.586052,468,0.519999980926514,0.518197632318547
6.596303,469,0.519999980926514,0.518197632318547
6.606082,470,0.519999980926514,0.518197632318547
6.615834,471,0.519999980926514,0.518197632318547
6.625152,472,0.519999980926514,0.518197632318547
6.634295,473,0.519999980926514,0.518197632318547
6.643414,474,0.519999980926514,0.518197632318547
6.653809,475,0.519999980926514,0.518197632318547
6.662412,476,0.519999980926514,0.518197632318547
6.670945,477,0.519999980926514,0.518197632318547
6.679685,478,0.519999980926514,0.518197632318547
6.688197,479,0.519999980926514,0.518197632318547
6.697514,480,0.519999980926514,0.518197632318547
6.708787,481,0.625,0.518197632318547
6.718047,482,0.625,0.518197632318547
6.728378,483,0.625,0.521834106931308
6.736711,484,0.625,0.563047485875941
6.745359,485,0.625,0.586684570858892
6.754255,486,0.625,0.598806152901432
6.76304,487,0.625,0.598806152901432
6.771488,488,0.625,0.616382446863114
6.779851,489,0.625,0.620018921475875
6.79008,490,0.625,0.624867554292891
6.800413,491,0.625,0.627291870701399
6.80998,492,0.625,0.627291870701399
6.818419,493,0.625,0.627897949803526
6.828182,494,0.625,0.627897949803526
6.838295,495,0.625,0.626685791599272
6.846788,496,0.625,0.626079712497145
6.855305,497,0.625,0.626079712497145
6.86492,498,0.625,0.625473633395018
6.875329,499,0.625,0.625473633395018
6.884918,500,0.625,0.624867554292891
6.895215,501,0.625,0.624261475190764
6.904601,502,0.625,0.623655396088637
6.91303,503,0.625,0.623655396088637
6.922309,504,0.625,0.62304931698651
6.932689,505,0.625,0.62304931698651
6.943488,506,0.625,0.62304931698651
6.95307,507,0.625,0.622443237884383
6.96148,508,0.625,0.622443237884383
6.970361,509,0.625,0.622443237884383
6.979577,510,0.625,0.622443237884383
6.988008,511,0.625,0.622443237884383
6.996875,512,0.625,0.62304931698651
7.007296,513,0.625,0.62304931698651
7.016687,514,0.625,0.62304931698651
7.026997,515,0.625,0.62304931698651
7.038593,516,0.625,0.62304931698651
7.047998,517,0.625,0.62304931698651
7.056745,518,0.625,0.623655396088637
7.066322,519,0.625,0.623655396088637
7.075636,520,0.625,0.623655396088637
7.084855,521,0.625,0.62304931698651
7.094039,522,0.625,0.623655396088637
7.104327,523,0.625,0.623655396088637
7.112746,524,0.625,0.623655396088637
7.121483,525,0.625,0.623655396088637
7.130077,526,0.625,0.623655396088637
7.138606,527,0.625,0.623655396088637
7.147012,528,0.625,0.623655396088637
7.156079,529,0.625,0.623655396088637
7.167001,530,0.625,0.623655396088637
7.176142,531,0.625,0.623655396088637
7.186533,532,0.625,0.623655396088637
7.195812,533,0.625,0.623655396088637
7.205314,534,0.625,0.623655396088637
7.215721,535,0.625,0.623655396088637
7.224523,536,0.625,0.623655396088637
7.233816,537,0.625,0.623655396088637
7.242972,538,0.625,0.62304931698651
7.253405,539,0.625,0.623655396088637
7.262209,540,0.625,0.623655396088637
7.272232,541,0.625,0.623655396088637
7.281272,542,0.625,0.623655396088637
7.290263,543,0.625,0.62304931698651
7.300572,544,0.625,0.623655396088637
7.310929,545,0.625,0.62304931698651
7.321821,546,0.625,0.623655396088637
7.331184,547,0.625,0.623655396088637
7.339921,548,0.625,0.62304931698651
7.348359,549,0.625,0.62304931698651
7.358654,550,0.625,0.623655396088637
7.368022,551,0.625,0.62304931698651
7.378127,552,0.625,0.62304931698651
7.38827,553,0.625,0.62304931698651
7.396657,554,0.625,0.62304931698651
7.407528,555,0.625,0.62304931698651
7.416153,556,0.625,0.62304931698651
7.426937,557,0.625,0.62304931698651
7.436061,558,0.625,0.62304931698651
7.444586,559,0.625,0.62304931698651
7.452977,560,0.625,0.62304931698651
7.461765,561,0.625,0.62304931698651
7.470862,562,0.625,0.62304931698651
7.479946,563,0.625,0.62304931698651
7.490199,564,0.625,0.62304931698651
7.500496,565,0.625,0.62304931698651
7.508924,566,0.625,0.62304931698651
7.517859,567,0.625,0.62304931698651
7.528182,568,0.625,0.62304931698651
7.536546,569,0.625,0.62304931698651
7.544992,570,0.625,0.62304931698651
7.553804,571,0.625,0.62304931698651
7.563466,572,0.625,0.62304931698651
7.572961,573,0.625,0.62304931698651
7.581704,574,0.625,0.62304931698651
7.589998,575,0.625,0.62304931698651
7.599055,576,0.625,0.62304931698651
7.608144,577,0.625,0.623655396088637
7.6181,578,0.625,0.62304931698651
7.626409,579,0.625,0.62304931698651
7.636055,580,0.625,0.62304931698651
7.644721,581,0.625,0.62304931698651
7.655013,582,0.625,0.62304931698651
7.664316,583,0.625,0.62304931698651
7.672772,584,0.625,0.62304931698651
7.681968,585,0.625,0.62304931698651
7.690342,586,0.625,0.62304931698651
7.700654,587,0.625,0.62304931698651
7.709832,588,0.625,0.62304931698651
7.719811,589,0.625,0.62304931698651
7.728171,590,0.625,0.62304931698651
7.737024,591,0.625,0.62304931698651
7.746358,592,0.625,0.62304931698651
7.754737,593,0.625,0.62304931698651
7.76311,594,0.625,0.623655396088637
7.773674,595,0.625,0.62304931698651
7.783117,596,0.625,0.623655396088637
7.791692,597,0.625,0.623655396088637
7.802129,598,0.625,0.62304931698651
7.812437,599,0.625,0.623655396088637
7.824024,600,0.625,0.623655396088637
7.833285,601,0.625,0.623655396088637
7.842132,602,0.625,0.623655396088637
7.850851,603,0.625,0.623655396088637
7.859953,604,0.625,0.623655396088637
7.869807,605,0.625,0.623655396088637
7.878516,606,0.625,0.623655396088637
7.88967,607,0.625,0.62304931698651
7.898068,608,0.625,0.623655396088637
7.908828,609,0.625,0.623655396088637
7.918017,610,0.625,0.623655396088637
7.92641,611,0.625,0.623655396088637
7.935974,612,0.625,0.623655396088637
7.947299,613,0.625,0.623655396088637
7.957439,614,0.625,0.623655396088637
7.965758,615,0.625,0.623655396088637
7.974101,616,0.625,0.623655396088637
7.982908,617,0.625,0.623655396088637
7.993527,618,0.625,0.623655396088637
8.003467,619,0.625,0.623655396088637
8.012245,620,0.625,0.623655396088637
8.021006,621,0.625,0.623655396088637
8.029299,622,0.625,0.623655396088637
8.037679,623,0.625,0.623655396088637
8.048595,624,0.625,0.623655396088637
8.057423,625,0.625,0.623655396088637
8.067686,626,0.625,0.623655396088637
8.077511,627,0.625,0.623655396088637
8.086277,628,0.625,0.623655396088637
8.096513,629,0.625,0.623655396088637
8.106206,630,0.625,0.623655396088637
8.114856,631,0.625,0.623655396088637
8.124236,632,0.625,0.623655396088637
8.1329,633,0.625,0.623655396088637
8.141915,634,0.625,0.623655396088637
8.150821,635,0.625,0.623655396088637
8.16029,636,0.625,0.623655396088637
8.169485,637,0.625,0.623655396088637
8.179852,638,0.625,0.623655396088637
8.189796,639,0.625,0.623655396088637
8.198292,640,0.625,0.623655396088637
8.207081,641,0.625,0.623655396088637
8.21547,642,0.625,0.623655396088637
8.224993,643,0.625,0.623655396088637
8.234102,644,0.625,0.623655396088637
8.244055,645,0.625,0.623655396088637
8.253252,646,0.625,0.623655396088637
8.261958,647,0.625,0.624261475190764
8.270416,648,0.625,0.623655396088637
8.281045,649,0.625,0.623655396088637
8.290854,650,0.625,0.624261475190764
8.299827,651,0.625,0.624261475190764
8.310201,652,0.625,0.624261475190764
8.319189,653,0.625,0.624261475190764
8.327536,654,0.625,0.623655396088637
8.33623,655,0.625,0.624261475190764
8.346421,656,0.625,0.624261475190764
8.356028,657,0.625,0.624261475190764
8.364445,658,0.625,0.623655396088637
8.372796,659,0.625,0.623655396088637
8.382373,660,0.625,0.624261475190764
8.391327,661,0.625,0.624261475190764
8.400823,662,0.625,0.623655396088637
8.410135,663,0.625,0.624261475190764
8.420373,664,0.625,0.623655396088637
8.430737,665,0.625,0.623655396088637
8.439746,666,0.625,0.624261475190764
8.449381,667,0.625,0.624261475190764
8.459502,668,0.625,0.624261475190764
8.469322,669,0.625,0.624261475190764
8.478714,670,0.625,0.624261475190764
8.48908,671,0.625,0.623655396088637
8.498446,672,0.625,0.624261475190764
8.509328,673,0.625,0.624261475190764
8.518671,674,0.625,0.624261475190764
8.527829,675,0.625,0.624261475190764
8.538003,676,0.625,0.624261475190764
8.547542,677,0.625,0.623655396088637
8.556678,678,0.625,0.623655396088637
8.566502,679,0.625,0.624261475190764
8.57695,680,0.625,0.623655396088637
8.586082,681,0.625,0.624261475190764
8.594622,682,0.625,0.624261475190764
8.603106,683,0.625,0.624261475190764
8.611999,684,0.625,0.624261475190764
8.623635,685,0.625,0.624261475190764
8.634289,686,0.625,0.624261475190764
8.643028,687,0.625,0.624261475190764
8.653536,688,0.625,0.624261475190764
8.662221,689,0.625,0.623655396088637
8.672522,690,0.625,0.624261475190764
8.681602,691,0.625,0.624261475190764
8.690524,692,0.625,0.624261475190764
8.699882,693,0.625,0.624261475190764
8.710238,694,0.625,0.624261475190764
8.718751,695,0.625,0.624261475190764
8.727103,696,0.625,0.624261475190764
8.737725,697,0.625,0.624261475190764
8.748152,698,0.625,0.624261475190764
8.757016,699,0.625,0.624261475190764
8.767313,700,0.625,0.624261475190764
8.776622,701,0.625,0.624261475190764
8.78684,702,0.625,0.624261475190764
8.79537,703,0.625,0.623655396088637
8.804891,704,0.625,0.624261475190764
8.814606,705,0.625,0.624261475190764
8.824483,706,0.625,0.624261475190764
8.834114,707,0.625,0.624261475190764
8.842464,708,0.625,0.624261475190764
8.852633,709,0.625,0.624261475190764
8.861963,710,0.625,0.624261475190764
8.871083,711,0.625,0.624261475190764
8.879731,712,0.625,0.624261475190764
8.888528,713,0.625,0.624261475190764
8.897267,714,0.625,0.624261475190764
8.906248,715,0.625,0.624261475190764
8.91651,716,0.625,0.624261475190764
8.926711,717,0.625,0.624261475190764
8.935288,718,0.625,0.624261475190764
8.94403,719,0.625,0.624261475190764
8.952939,720,0.625,0.624261475190764
8.961725,721,0.625,0.624261475190764
8.971378,722,0.625,0.624261475190764
8.980409,723,0.625,0.624261475190764
8.989371,724,0.625,0.624261475190764
8.998222,725,0.625,0.624261475190764
9.007176,726,0.625,0.624261475190764
9.016757,727,0.625,0.624261475190764
9.026331,728,0.625,0.624261475190764
9.0366,729,0.625,0.624261475190764
9.046518,730,0.625,0.624261475190764
9.055114,731,0.625,0.624261475190764
9.064537,732,0.625,0.624261475190764
9.074507,733,0.625,0.624261475190764
9.084297,734,0.625,0.624261475190764
9.092901,735,0.625,0.624261475190764
9.101911,736,0.625,0.624261475190764
9.111319,737,0.625,0.624261475190764
9.120035,738,0.625,0.624261475190764
9.131599,739,0.625,0.624261475190764
9.141747,740,0.625,0.624261475190764
9.152184,741,0.625,0.624261475190764
9.160991,742,0.625,0.624261475190764
9.170319,743,0.625,0.624261475190764
9.181148,744,0.625,0.624261475190764
9.190177,745,0.625,0.624261475190764
9.199368,746,0.625,0.624261475190764
9.208194,747,0.625,0.624261475190764
9.216936,748,0.625,0.624261475190764
9.226701,749,0.625,0.624261475190764
9.235077,750,0.625,0.624261475190764
9.244074,751,0.625,0.624261475190764
9.253237,752,0.625,0.624261475190764
9.263849,753,0.625,0.624261475190764
9.273757,754,0.625,0.624261475190764
9.282169,755,0.625,0.624261475190764
9.292514,756,0.625,0.624261475190764
9.303459,757,0.625,0.624261475190764
9.317732,758,0.625,0.624261475190764
9.322633,759,0.625,0.624261475190764
9.33337,760,0.625,0.624261475190764
9.343678,761,0.625,0.624261475190764
9.353324,762,0.625,0.624261475190764
9.364501,763,0.625,0.624261475190764
9.374198,764,0.625,0.624261475190764
9.384835,765,0.625,0.624261475190764
9.393317,766,0.625,0.624261475190764
9.403656,767,0.625,0.624261475190764
9.413615,768,0.625,0.624261475190764
9.421851,769,0.625,0.624261475190764
9.432653,770,0.625,0.624261475190764
9.442917,771,0.625,0.624261475190764
9.453483,772,0.625,0.624261475190764
9.462815,773,0.625,0.624261475190764
9.471389,774,0.625,0.624261475190764
9.481443,775,0.625,0.624261475190764
9.490225,776,0.625,0.624261475190764
9.499344,777,0.625,0.624261475190764
9.508315,778,0.625,0.624261475190764
9.516841,779,0.625,0.624261475190764
9.526778,780,0.625,0.624261475190764
9.537026,781,0.625,0.624261475190764
9.547431,782,0.625,0.624261475190764
9.556807,783,0.625,0.624261475190764
9.565245,784,0.625,0.624261475190764
9.574539,785,0.625,0.624261475190764
9.584987,786,0.625,0.624261475190764
9.595114,787,0.625,0.624261475190764
9.605451,788,0.625,0.624261475190764
9.614173,789,0.625,0.624261475190764
9.624579,790,0.625,0.624261475190764
9.633183,791,0.625,0.624261475190764
9.641576,792,0.625,0.624261475190764
9.651927,793,0.625,0.624261475190764
9.660603,794,0.625,0.624261475190764
9.670882,795,0.625,0.624261475190764
9.681223,796,0.625,0.624261475190764
9.690798,797,0.625,0.624261475190764
9.701279,798,0.625,0.624261475190764
9.711327,799,0.625,0.624261475190764
9.720734,800,0.625,0.624261475190764
9.731008,801,0.625,0.624261475190764
9.739479,802,0.625,0.624261475190764
9.749421,803,0.625,0.624261475190764
9.758081,804,0.625,0.624261475190764
9.768009,805,0.625,0.624261475190764
9.777547,806,0.625,0.624261475190764
9.785889,807,0.625,0.624261475190764
9.796284,808,0.625,0.624261475190764
9.808041,809,0.625,0.624261475190764
9.817312,810,0.625,0.624261475190764
9.827635,811,0.625,0.624261475190764
9.836928,812,0.625,0.624261475190764
9.845546,813,0.625,0.624261475190764
9.853966,814,0.625,0.624261475190764
9.864274,815,0.625,0.624261475190764
9.874068,816,0.625,0.624261475190764
9.883738,817,0.625,0.624261475190764
9.892068,818,0.625,0.624261475190764
9.900406,819,0.625,0.623655396088637
9.910744,820,0.625,0.624261475190764
9.920156,821,0.625,0.624261475190764
9.929329,822,0.625,0.624261475190764
9.938514,823,0.625,0.624261475190764
9.947839,824,0.625,0.624261475190764
9.956254,825,0.625,0.624261475190764
9.96537,826,0.625,0.624261475190764
9.974027,827,0.625,0.624261475190764
9.982969,828,0.625,0.624261475190764
9.992772,829,0.625,0.623655396088637
10.00124,830,0.625,0.624261475190764
10.01075,831,0.625,0.624261475190764
10.01926,832,0.625,0.624261475190764
10.02892,833,0.625,0.624261475190764
10.03736,834,0.625,0.624261475190764
10.04607,835,0.625,0.624261475190764
10.05623,836,0.625,0.624261475190764
10.06463,837,0.625,0.624261475190764
10.07388,838,0.625,0.624261475190764
10.08224,839,0.625,0.624867554292891
10.09124,840,0.625,0.624261475190764
10.10088,841,0.625,0.624261475190764
10.1105,842,0.625,0.624261475190764
10.12115,843,0.625,0.624261475190764
10.13039,844,0.625,0.624261475190764
10.13961,845,0.625,0.624261475190764
10.14811,846,0.625,0.624261475190764
10.15903,847,0.625,0.624261475190764
10.16973,848,0.625,0.624261475190764
10.17972,849,0.625,0.624261475190764
10.18852,850,0.625,0.624261475190764
10.19886,851,0.625,0.624261475190764
10.20735,852,0.625,0.624261475190764
10.21856,853,0.625,0.624261475190764
10.22836,854,0.625,0.624261475190764
10.23812,855,0.625,0.624261475190764
10.24654,856,0.625,0.624261475190764
10.25672,857,0.625,0.624261475190764
10.26574,858,0.625,0.624261475190764
10.27608,859,0.625,0.624261475190764
10.28482,860,0.625,0.624261475190764
10.2934,861,0.625,0.624261475190764
10.30223,862,0.625,0.624261475190764
10.31247,863,0.625,0.624261475190764
10.32307,864,0.625,0.624261475190764
10.3325,865,0.625,0.624261475190764
10.34264,866,0.625,0.624261475190764
10.35215,867,0.625,0.624261475190764
10.36162,868,0.625,0.624261475190764
10.37085,869,0.625,0.624261475190764
10.3816,870,0.625,0.624261475190764
10.39205,871,0.625,0.624261475190764
10.40065,872,0.625,0.624261475190764
10.41094,873,0.625,0.624261475190764
10.41985,874,0.625,0.624261475190764
10.42866,875,0.625,0.624261475190764
10.43941,876,0.625,0.624261475190764
10.44937,877,0.625,0.624261475190764
10.45899,878,0.625,0.624261475190764
10.46747,879,0.625,0.624261475190764
10.47658,880,0.625,0.624261475190764
10.48576,881,0.625,0.624261475190764
10.49422,882,0.625,0.624261475190764
10.50352,883,0.625,0.624261475190764
10.51229,884,0.625,0.624261475190764
10.52124,885,0.625,0.624261475190764
10.52999,886,0.625,0.624261475190764
10.53962,887,0.625,0.624261475190764
10.5489,888,0.625,0.624261475190764
10.55783,889,0.625,0.624261475190764
10.56801,890,0.625,0.624867554292891
10.57692,891,0.625,0.624261475190764
10.58635,892,0.625,0.624261475190764
10.59625,893,0.625,0.624261475190764
10.60487,894,0.625,0.624261475190764
10.61348,895,0.625,0.624261475190764
10.62283,896,0.625,0.624261475190764
10.63193,897,0.625,0.624261475190764
10.64136,898,0.625,0.624261475190764
10.6497,899,0.625,0.624261475190764
10.65809,900,0.625,0.624261475190764
10.66894,901,0.625,0.624261475190764
10.67746,902,0.625,0.624261475190764
10.68581,903,0.625,0.624261475190764
10.6953,904,0.625,0.624867554292891
10.70436,905,0.625,0.624261475190764
10.71525,906,0.625,0.624261475190764
10.7238,907,0.625,0.624261475190764
10.73256,908,0.625,0.624261475190764
10.74299,909,0.625,0.624261475190764
10.75174,910,0.625,0.624261475190764
10.76016,911,0.625,0.624261475190764
10.76866,912,0.625,0.624261475190764
10.77917,913,0.625,0.624261475190764
10.78738,914,0.625,0.624261475190764
10.79709,915,0.625,0.624261475190764
10.80678,916,0.625,0.624261475190764
10.81511,917,0.625,0.624261475190764
10.82609,918,0.625,0.624261475190764
10.83524,919,0.625,0.624261475190764
10.84367,920,0.625,0.624261475190764
10.85218,921,0.625,0.624261475190764
10.86095,922,0.625,0.624261475190764
10.87018,923,0.625,0.624261475190764
10.87885,924,0.625,0.624261475190764
10.88743,925,0.625,0.624261475190764
10.89607,926,0.625,0.624261475190764
10.90676,927,0.625,0.624261475190764
10.91518,928,0.625,0.624261475190764
10.92376,929,0.625,0.624261475190764
10.93275,930,0.625,0.624261475190764
10.94114,931,0.625,0.624867554292891
10.95107,932,0.625,0.624261475190764
10.96137,933,0.625,0.624261475190764
10.97116,934,0.625,0.624261475190764
10.9815,935,0.625,0.624261475190764
10.99181,936,0.625,0.624261475190764
11.00107,937,0.625,0.624261475190764
11.01109,938,0.625,0.624261475190764
11.02076,939,0.625,0.624261475190764
11.0298,940,0.625,0.624261475190764
11.04015,941,0.625,0.624261475190764
11.05054,942,0.625,0.624261475190764
11.06095,943,0.625,0.624261475190764
11.06979,944,0.625,0.624261475190764
11.07821,945,0.625,0.624261475190764
11.08734,946,0.625,0.624261475190764
11.09644,947,0.625,0.624261475190764
11.10918,948,0.625,0.624867554292891
11.11768,949,0.625,0.624261475190764
11.12922,950,0.625,0.624261475190764
11.13825,951,0.625,0.624261475190764
11.14749,952,0.625,0.624261475190764
11.15603,953,0.625,0.624261475190764
11.16492,954,0.625,0.624261475190764
11.17442,955,0.625,0.624261475190764
11.18729,956,0.625,0.624261475190764
11.1968,957,0.625,0.624261475190764
11.20715,958,0.625,0.624867554292891
11.21565,959,0.625,0.624867554292891
11.22427,960,0.625,0.624261475190764
11.23373,961,0.625,0.624261475190764
11.2429,962,0.625,0.624261475190764
11.25137,963,0.625,0.624261475190764
11.26084,964,0.625,0.624867554292891
11.26971,965,0.625,0.624261475190764
11.27995,966,0.625,0.624261475190764
11.29032,967,0.625,0.624261475190764
11.29915,968,0.625,0.624261475190764
11.30958,969,0.625,0.624261475190764
11.31906,970,0.625,0.624261475190764
11.32842,971,0.625,0.624261475190764
11.33715,972,0.625,0.624261475190764
11.34735,973,0.625,0.624261475190764
11.35608,974,0.625,0.624261475190764
11.36621,975,0.625,0.624261475190764
11.37548,976,0.625,0.624261475190764
11.38575,977,0.625,0.624261475190764
11.39625,978,0.625,0.624261475190764
11.4046,979,0.625,0.624261475190764
11.41325,980,0.625,0.624261475190764
11.42404,981,0.625,0.624261475190764
11.43487,982,0.625,0.624261475190764
11.44383,983,0.625,0.624261475190764
11.45217,984,0.625,0.624261475190764
11.46236,985,0.625,0.624261475190764
11.47265,986,0.625,0.624261475190764
11.48217,987,0.625,0.624261475190764
11.49123,988,0.625,0.624261475190764
11.50226,989,0.625,0.624261475190764
11.51254,990,0.625,0.624261475190764
11.52289,991,0.625,0.624261475190764
11.53369,992,0.625,0.624261475190764
11.543,993,0.625,0.624261475190764
11.55163,994,0.625,0.624261475190764
11.56006,995,0.625,0.624261475190764
11.56953,996,0.625,0.624261475190764
11.5785,997,0.625,0.624261475190764
11.58821,998,0.625,0.624261475190764
11.59837,999,0.625,0.624261475190764
11.60678,1000,0.625,0.623655396088637
11.61519,1001,0.625,0.624261475190764
11.62364,1002,0.625,0.624261475190764
11.6325,1003,0.625,0.623655396088637
11.6419,1004,0.625,0.623655396088637
11.65175,1005,0.625,0.623655396088637
11.66035,1006,0.625,0.623655396088637
11.67069,1007,0.625,0.623655396088637
11.67939,1008,0.625,0.623655396088637
11.68904,1009,0.625,0.624261475190764
11.69908,1010,0.625,0.624261475190764
11.70885,1011,0.519999980926514,0.624261475190764
11.71895,1012,0.519999980926514,0.623655396088637
11.72917,1013,0.519999980926514,0.623655396088637
11.73815,1014,0.519999980926514,0.623655396088637
11.74808,1015,0.519999980926514,0.619412842373748
11.75754,1016,0.519999980926514,0.5891088872674
11.76788,1017,0.519999980926514,0.556986694854672
11.77803,1018,0.519999980926514,0.548501587424894
11.78679,1019,0.519999980926514,0.543046875505752
11.79703,1020,0.519999980926514,0.540016479995117
11.80729,1021,0.519999980926514,0.538804321790863
11.81675,1022,0.519999980926514,0.536986084484482
11.82629,1023,0.519999980926514,0.534561768075975
11.83462,1024,0.519999980926514,0.532137451667467
11.84479,1025,0.519999980926514,0.530319214361086
11.85488,1026,0.519999980926514,0.529713135258959
11.86502,1027,0.519999980926514,0.527894897952578
11.8748,1028,0.519999980926514,0.527288818850451
11.88366,1029,0.519999980926514,0.526682739748324
11.89206,1030,0.519999980926514,0.524864502441943
11.90218,1031,0.519999980926514,0.524258423339816
11.91073,1032,0.519999980926514,0.523652344237689
11.92004,1033,0.519999980926514,0.523046265135562
11.93041,1034,0.519999980926514,0.523046265135562
11.93906,1035,0.519999980926514,0.521834106931308
11.94947,1036,0.519999980926514,0.521228027829181
11.95837,1037,0.519999980926514,0.520621948727054
11.96733,1038,0.519999980926514,0.520621948727054
11.97748,1039,0.519999980926514,0.520621948727054
11.98611,1040,0.519999980926514,0.520621948727054
11.99489,1041,0.519999980926514,0.520015869624927
12.00322,1042,0.519999980926514,0.519409790522801
12.01349,1043,0.519999980926514,0.519409790522801
12.02373,1044,0.519999980926514,0.519409790522801
12.0335,1045,0.519999980926514,0.519409790522801
12.04294,1046,0.519999980926514,0.519409790522801
12.05185,1047,0.519999980926514,0.518803711420674
12.06024,1048,0.519999980926514,0.518803711420674
12.07078,1049,0.519999980926514,0.518803711420674
12.07962,1050,0.519999980926514,0.518803711420674
12.08885,1051,0.519999980926514,0.518803711420674
12.09939,1052,0.519999980926514,0.518803711420674
12.10854,1053,0.519999980926514,0.518803711420674
12.11746,1054,0.519999980926514,0.518803711420674
12.12601,1055,0.519999980926514,0.518803711420674
12.13482,1056,0.519999980926514,0.518197632318547
12.14362,1057,0.519999980926514,0.518197632318547
12.15366,1058,0.519999980926514,0.518197632318547
12.1629,1059,0.519999980926514,0.518197632318547
12.17216,1060,0.519999980926514,0.518197632318547
12.18092,1061,0.519999980926514,0.518197632318547
12.19017,1062,0.519999980926514,0.518197632318547
12.1992,1063,0.519999980926514,0.518197632318547
12.20951,1064,0.519999980926514,0.518197632318547
12.22006,1065,0.519999980926514,0.518197632318547
12.22857,1066,0.519999980926514,0.518197632318547
12.23751,1067,0.519999980926514,0.518197632318547
12.24695,1068,0.519999980926514,0.518197632318547
12.25592,1069,0.519999980926514,0.51759155321642
12.26643,1070,0.519999980926514,0.51759155321642
12.27685,1071,0.519999980926514,0.51759155321642
12.28537,1072,0.519999980926514,0.51759155321642
12.29526,1073,0.519999980926514,0.51759155321642
12.30538,1074,0.519999980926514,0.51759155321642
12.3145,1075,0.519999980926514,0.51759155321642
12.32479,1076,0.519999980926514,0.51759155321642
12.33387,1077,0.519999980926514,0.51759155321642
12.34342,1078,0.519999980926514,0.516985474114293
12.35195,1079,0.519999980926514,0.516985474114293
12.36078,1080,0.519999980926514,0.516985474114293
12.37172,1081,0.519999980926514,0.516985474114293
12.38181,1082,0.519999980926514,0.516985474114293
12.39078,1083,0.519999980926514,0.516985474114293
12.39991,1084,0.519999980926514,0.516985474114293
12.40962,1085,0.519999980926514,0.516985474114293
12.41938,1086,0.519999980926514,0.516985474114293
12.42944,1087,0.519999980926514,0.516985474114293
12.43891,1088,0.519999980926514,0.516985474114293
12.44871,1089,0.519999980926514,0.516985474114293
12.4579,1090,0.519999980926514,0.516985474114293
12.46721,1091,0.519999980926514,0.516985474114293
12.47591,1092,0.519999980926514,0.516379395012166
12.4861,1093,0.519999980926514,0.516379395012166
12.49601,1094,0.519999980926514,0.516379395012166
12.50576,1095,0.519999980926514,0.516379395012166
12.51433,1096,0.519999980926514,0.516379395012166
12.52603,1097,0.519999980926514,0.516379395012166
12.53618,1098,0.519999980926514,0.516379395012166
12.54745,1099,0.519999980926514,0.516379395012166
12.55658,1100,0.519999980926514,0.516379395012166
12.56519,1101,0.519999980926514,0.516379395012166
12.57363,1102,0.519999980926514,0.516379395012166
12.58197,1103,0.519999980926514,0.515773315910039
12.59219,1104,0.519999980926514,0.515773315910039
12.60065,1105,0.519999980926514,0.515773315910039
12.61011,1106,0.519999980926514,0.515773315910039
12.62077,1107,0.519999980926514,0.515773315910039
12.63037,1108,0.519999980926514,0.515773315910039
12.63879,1109,0.519999980926514,0.515773315910039
12.64917,1110,0.519999980926514,0.515773315910039
12.65865,1111,0.519999980926514,0.515773315910039
12.66888,1112,0.519999980926514,0.515773315910039
12.67824,1113,0.519999980926514,0.515773315910039
12.68713,1114,0.519999980926514,0.515167236807912
12.69627,1115,0.519999980926514,0.515167236807912
12.70529,1116,0.519999980926514,0.515773315910039
12.71377,1117,0.519999980926514,0.515773315910039
12.72409,1118,0.519999980926514,0.515167236807912
12.73422,1119,0.519999980926514,0.515167236807912
12.74312,1120,0.519999980926514,0.515167236807912
12.75326,1121,0.519999980926514,0.515167236807912
12.76173,1122,0.519999980926514,0.515167236807912
12.77103,1123,0.519999980926514,0.515167236807912
12.78105,1124,0.519999980926514,0.515167236807912
12.79046,1125,0.519999980926514,0.515167236807912
12.79935,1126,0.519999980926514,0.515167236807912
12.80793,1127,0.519999980926514,0.515167236807912
12.81832,1128,0.519999980926514,0.515167236807912
12.82845,1129,0.519999980926514,0.515167236807912
12.83821,1130,0.519999980926514,0.515167236807912
12.84858,1131,0.519999980926514,0.514561157705785
12.85757,1132,0.519999980926514,0.514561157705785
12.8712,1133,0.519999980926514,0.514561157705785
12.88104,1134,0.519999980926514,0.514561157705785
12.89081,1135,0.519999980926514,0.514561157705785
12.89972,1136,0.519999980926514,0.515167236807912
12.90965,1137,0.519999980926514,0.514561157705785
12.91842,1138,0.519999980926514,0.514561157705785
12.92677,1139,0.519999980926514,0.514561157705785
12.93696,1140,0.519999980926514,0.513955078603658
12.94794,1141,0.519999980926514,0.513955078603658
12.9575,1142,0.519999980926514,0.513955078603658
12.96601,1143,0.519999980926514,0.514561157705785
12.97613,1144,0.519999980926514,0.514561157705785
12.98552,1145,0.519999980926514,0.514561157705785
12.99439,1146,0.519999980926514,0.513955078603658
13.00369,1147,0.519999980926514,0.513955078603658
13.01797,1148,0.519999980926514,0.513955078603658
