Time [s] , Frame nr,Sent pressure 0,Received pressure 0
9.745651,0,0.519999980926514,0.505469971173881
9.748596,1,0.519999980926514,0.505469971173881
10.11609,2,0.519999980926514,0.505469971173881
10.14674,3,0.519999980926514,0.505469971173881
10.15544,4,0.519999980926514,0.505469971173881
10.16479,5,0.519999980926514,0.505469971173881
10.17415,6,0.519999980926514,0.505469971173881
10.18446,7,0.519999980926514,0.505469971173881
10.19495,8,0.519999980926514,0.505469971173881
10.20477,9,0.519999980926514,0.505469971173881
10.21479,10,0.519999980926514,0.505469971173881
10.22404,11,0.519999980926514,0.507288208480261
10.23263,12,0.519999980926514,0.507288208480261
10.24285,13,0.519999980926514,0.51153076219515
10.25308,14,0.519999980926514,0.51153076219515
10.26157,15,0.519999980926514,0.51153076219515
10.27149,16,0.519999980926514,0.51153076219515
10.2815,17,0.519999980926514,0.513348999501531
10.29209,18,0.519999980926514,0.516985474114293
10.3015,19,0.519999980926514,0.518803711420674
10.31089,20,0.519999980926514,0.518803711420674
10.32022,21,0.519999980926514,0.518803711420674
10.3298,22,0.519999980926514,0.519409790522801
10.33914,23,0.519999980926514,0.520015869624927
10.34909,24,0.519999980926514,0.519409790522801
10.3582,25,0.519999980926514,0.520015869624927
10.36662,26,0.519999980926514,0.520015869624927
10.37554,27,0.519999980926514,0.519409790522801
10.38522,28,0.519999980926514,0.519409790522801
10.39442,29,0.519999980926514,0.520015869624927
10.40456,30,0.519999980926514,0.520015869624927
10.41323,31,0.519999980926514,0.520015869624927
10.42327,32,0.519999980926514,0.520015869624927
10.43363,33,0.519999980926514,0.520015869624927
10.44226,34,0.519999980926514,0.520015869624927
10.45156,35,0.519999980926514,0.520015869624927
10.46146,36,0.519999980926514,0.520015869624927
10.47184,37,0.519999980926514,0.520015869624927
10.48072,38,0.519999980926514,0.520015869624927
10.49062,39,0.519999980926514,0.520015869624927
10.5004,40,0.519999980926514,0.520015869624927
10.50894,41,0.519999980926514,0.520015869624927
10.52086,42,0.519999980926514,0.520015869624927
10.53067,43,0.519999980926514,0.520015869624927
10.53988,44,0.519999980926514,0.520015869624927
10.54917,45,0.519999980926514,0.520015869624927
10.55889,46,0.519999980926514,0.520015869624927
10.56824,47,0.519999980926514,0.520015869624927
10.57688,48,0.519999980926514,0.519409790522801
10.58605,49,0.519999980926514,0.519409790522801
10.59461,50,0.519999980926514,0.519409790522801
10.60485,51,0.519999980926514,0.520015869624927
10.61502,52,0.519999980926514,0.520015869624927
10.62386,53,0.519999980926514,0.519409790522801
10.63345,54,0.519999980926514,0.519409790522801
10.64185,55,0.519999980926514,0.519409790522801
10.65065,56,0.519999980926514,0.519409790522801
10.66005,57,0.519999980926514,0.519409790522801
10.67037,58,0.519999980926514,0.519409790522801
10.67915,59,0.519999980926514,0.519409790522801
10.68799,60,0.519999980926514,0.519409790522801
10.69744,61,0.519999980926514,0.518803711420674
10.70667,62,0.519999980926514,0.518803711420674
10.71572,63,0.519999980926514,0.518803711420674
10.72663,64,0.519999980926514,0.519409790522801
10.736,65,0.519999980926514,0.518803711420674
10.745,66,0.519999980926514,0.518803711420674
10.75382,67,0.519999980926514,0.518803711420674
10.76244,68,0.519999980926514,0.519409790522801
10.77126,69,0.519999980926514,0.518803711420674
10.78093,70,0.519999980926514,0.518803711420674
10.78931,71,0.519999980926514,0.518803711420674
10.79799,72,0.519999980926514,0.518803711420674
10.80854,73,0.519999980926514,0.518803711420674
10.81884,74,0.519999980926514,0.518803711420674
10.82786,75,0.519999980926514,0.518803711420674
10.83754,76,0.519999980926514,0.518803711420674
10.84785,77,0.519999980926514,0.518803711420674
10.8566,78,0.519999980926514,0.518197632318547
10.86716,79,0.519999980926514,0.518803711420674
10.87645,80,0.519999980926514,0.518803711420674
10.885,81,0.519999980926514,0.518803711420674
10.89471,82,0.519999980926514,0.518197632318547
10.90343,83,0.519999980926514,0.518197632318547
10.91404,84,0.519999980926514,0.518197632318547
10.92415,85,0.519999980926514,0.518197632318547
10.9344,86,0.519999980926514,0.518197632318547
10.94341,87,0.519999980926514,0.518197632318547
10.95427,88,0.519999980926514,0.518197632318547
10.96439,89,0.519999980926514,0.518197632318547
10.97339,90,0.519999980926514,0.518197632318547
10.98261,91,0.519999980926514,0.518197632318547
10.99127,92,0.519999980926514,0.518197632318547
11.00074,93,0.519999980926514,0.51759155321642
11.01086,94,0.519999980926514,0.51759155321642
11.02105,95,0.519999980926514,0.51759155321642
11.03151,96,0.519999980926514,0.518197632318547
11.04137,97,0.519999980926514,0.518197632318547
11.05086,98,0.519999980926514,0.51759155321642
11.06045,99,0.519999980926514,0.51759155321642
11.07046,100,0.519999980926514,0.518197632318547
11.07983,101,0.519999980926514,0.51759155321642
11.08905,102,0.519999980926514,0.51759155321642
11.0983,103,0.519999980926514,0.51759155321642
11.10744,104,0.519999980926514,0.51759155321642
11.11625,105,0.519999980926514,0.51759155321642
11.12645,106,0.519999980926514,0.51759155321642
11.13507,107,0.519999980926514,0.51759155321642
11.1448,108,0.519999980926514,0.51759155321642
11.1541,109,0.519999980926514,0.51759155321642
11.16248,110,0.519999980926514,0.51759155321642
11.17165,111,0.519999980926514,0.51759155321642
11.1808,112,0.519999980926514,0.51759155321642
11.18931,113,0.519999980926514,0.51759155321642
11.19823,114,0.519999980926514,0.51759155321642
11.20656,115,0.519999980926514,0.51759155321642
11.21661,116,0.519999980926514,0.51759155321642
11.22664,117,0.519999980926514,0.51759155321642
11.23532,118,0.519999980926514,0.516985474114293
11.24394,119,0.519999980926514,0.51759155321642
11.25398,120,0.519999980926514,0.51759155321642
11.26246,121,0.519999980926514,0.51759155321642
11.27261,122,0.519999980926514,0.51759155321642
11.28109,123,0.519999980926514,0.51759155321642
11.29067,124,0.519999980926514,0.516985474114293
11.29997,125,0.519999980926514,0.51759155321642
11.30864,126,0.519999980926514,0.51759155321642
11.31932,127,0.519999980926514,0.516985474114293
11.32767,128,0.519999980926514,0.51759155321642
11.33657,129,0.519999980926514,0.516985474114293
11.34689,130,0.519999980926514,0.516985474114293
11.35723,131,0.519999980926514,0.51759155321642
11.36626,132,0.519999980926514,0.51759155321642
11.37657,133,0.519999980926514,0.51759155321642
11.38727,134,0.519999980926514,0.51759155321642
11.39584,135,0.519999980926514,0.51759155321642
11.40627,136,0.519999980926514,0.51759155321642
11.41598,137,0.519999980926514,0.516985474114293
11.42468,138,0.519999980926514,0.51759155321642
11.43399,139,0.519999980926514,0.516985474114293
11.44292,140,0.519999980926514,0.516985474114293
11.45217,141,0.519999980926514,0.51759155321642
11.4614,142,0.519999980926514,0.51759155321642
11.47086,143,0.519999980926514,0.51759155321642
11.47931,144,0.519999980926514,0.516985474114293
11.4877,145,0.519999980926514,0.51759155321642
11.4983,146,0.519999980926514,0.51759155321642
11.50691,147,0.519999980926514,0.516985474114293
11.51544,148,0.519999980926514,0.51759155321642
11.52429,149,0.519999980926514,0.51759155321642
11.53473,150,0.519999980926514,0.516985474114293
11.54369,151,0.519999980926514,0.51759155321642
11.55301,152,0.519999980926514,0.51759155321642
11.56227,153,0.519999980926514,0.516985474114293
11.57277,154,0.519999980926514,0.51759155321642
11.58133,155,0.519999980926514,0.51759155321642
11.59032,156,0.519999980926514,0.51759155321642
11.6,157,0.519999980926514,0.51759155321642
11.60956,158,0.519999980926514,0.516985474114293
11.6188,159,0.519999980926514,0.51759155321642
11.62722,160,0.519999980926514,0.51759155321642
11.63753,161,0.519999980926514,0.51759155321642
11.64744,162,0.519999980926514,0.51759155321642
11.65663,163,0.519999980926514,0.51759155321642
11.66589,164,0.519999980926514,0.51759155321642
11.67541,165,0.519999980926514,0.516985474114293
11.68451,166,0.519999980926514,0.51759155321642
11.69495,167,0.519999980926514,0.51759155321642
11.70454,168,0.519999980926514,0.51759155321642
11.71476,169,0.519999980926514,0.51759155321642
11.72505,170,0.519999980926514,0.51759155321642
11.73454,171,0.519999980926514,0.51759155321642
11.74373,172,0.519999980926514,0.51759155321642
11.7541,173,0.519999980926514,0.51759155321642
11.76334,174,0.519999980926514,0.51759155321642
11.77334,175,0.519999980926514,0.51759155321642
11.78354,176,0.519999980926514,0.51759155321642
11.79363,177,0.519999980926514,0.51759155321642
11.80232,178,0.519999980926514,0.51759155321642
11.81423,179,0.519999980926514,0.51759155321642
11.82468,180,0.519999980926514,0.51759155321642
11.83371,181,0.519999980926514,0.51759155321642
11.84254,182,0.519999980926514,0.51759155321642
11.85415,183,0.519999980926514,0.51759155321642
11.86293,184,0.519999980926514,0.51759155321642
11.87336,185,0.519999980926514,0.51759155321642
11.88285,186,0.519999980926514,0.51759155321642
11.89158,187,0.519999980926514,0.51759155321642
11.90051,188,0.519999980926514,0.51759155321642
11.90965,189,0.519999980926514,0.51759155321642
11.91829,190,0.519999980926514,0.51759155321642
11.92736,191,0.519999980926514,0.51759155321642
11.93722,192,0.519999980926514,0.51759155321642
11.94664,193,0.519999980926514,0.51759155321642
11.9568,194,0.519999980926514,0.51759155321642
11.96681,195,0.519999980926514,0.51759155321642
11.97625,196,0.519999980926514,0.51759155321642
11.98596,197,0.519999980926514,0.51759155321642
11.9953,198,0.519999980926514,0.51759155321642
12.00394,199,0.519999980926514,0.518197632318547
12.01407,200,0.519999980926514,0.51759155321642
12.02239,201,0.519999980926514,0.51759155321642
12.03098,202,0.519999980926514,0.51759155321642
12.04101,203,0.519999980926514,0.51759155321642
12.04977,204,0.519999980926514,0.51759155321642
12.05991,205,0.519999980926514,0.51759155321642
12.06898,206,0.519999980926514,0.51759155321642
12.07749,207,0.519999980926514,0.51759155321642
12.08657,208,0.519999980926514,0.51759155321642
12.09697,209,0.519999980926514,0.51759155321642
12.10536,210,0.519999980926514,0.518197632318547
12.11502,211,0.519999980926514,0.518197632318547
12.12541,212,0.519999980926514,0.51759155321642
12.13386,213,0.519999980926514,0.518197632318547
12.14382,214,0.519999980926514,0.51759155321642
12.15343,215,0.519999980926514,0.518197632318547
12.1644,216,0.519999980926514,0.518197632318547
12.17341,217,0.519999980926514,0.51759155321642
12.1828,218,0.519999980926514,0.51759155321642
12.19171,219,0.519999980926514,0.518197632318547
12.20194,220,0.519999980926514,0.51759155321642
12.21159,221,0.519999980926514,0.51759155321642
12.22131,222,0.519999980926514,0.51759155321642
12.23031,223,0.519999980926514,0.51759155321642
12.24029,224,0.519999980926514,0.51759155321642
12.25054,225,0.519999980926514,0.51759155321642
12.26024,226,0.519999980926514,0.518197632318547
12.26931,227,0.519999980926514,0.51759155321642
12.27795,228,0.519999980926514,0.518197632318547
12.28727,229,0.519999980926514,0.518197632318547
12.29667,230,0.519999980926514,0.518197632318547
12.30642,231,0.519999980926514,0.518197632318547
12.3156,232,0.519999980926514,0.51759155321642
12.32664,233,0.519999980926514,0.51759155321642
12.33662,234,0.519999980926514,0.51759155321642
12.34591,235,0.519999980926514,0.518197632318547
12.35425,236,0.519999980926514,0.518197632318547
12.36492,237,0.519999980926514,0.518197632318547
12.37539,238,0.519999980926514,0.51759155321642
12.38477,239,0.519999980926514,0.518197632318547
12.39454,240,0.519999980926514,0.518197632318547
12.40303,241,0.519999980926514,0.518197632318547
12.41188,242,0.519999980926514,0.51759155321642
12.42037,243,0.519999980926514,0.518197632318547
12.43123,244,0.519999980926514,0.518197632318547
12.44049,245,0.519999980926514,0.518197632318547
12.44972,246,0.519999980926514,0.518197632318547
12.45901,247,0.519999980926514,0.518197632318547
12.46754,248,0.519999980926514,0.51759155321642
12.47649,249,0.519999980926514,0.51759155321642
12.48546,250,0.519999980926514,0.518197632318547
12.49415,251,0.519999980926514,0.518197632318547
12.50439,252,0.519999980926514,0.518197632318547
12.51323,253,0.519999980926514,0.518197632318547
12.5222,254,0.519999980926514,0.518197632318547
12.53129,255,0.519999980926514,0.518197632318547
12.5443,256,0.519999980926514,0.518197632318547
12.55424,257,0.519999980926514,0.518197632318547
12.56477,258,0.519999980926514,0.518197632318547
12.57375,259,0.519999980926514,0.518197632318547
12.58386,260,0.519999980926514,0.518197632318547
12.59295,261,0.519999980926514,0.518197632318547
12.60358,262,0.519999980926514,0.518197632318547
12.61316,263,0.519999980926514,0.518197632318547
12.62228,264,0.519999980926514,0.518197632318547
12.63105,265,0.519999980926514,0.518197632318547
12.64095,266,0.519999980926514,0.518197632318547
12.65044,267,0.519999980926514,0.518197632318547
12.66029,268,0.519999980926514,0.518197632318547
12.67037,269,0.519999980926514,0.518197632318547
12.67897,270,0.519999980926514,0.51759155321642
12.6878,271,0.519999980926514,0.518197632318547
12.69798,272,0.519999980926514,0.518197632318547
12.70707,273,0.519999980926514,0.518197632318547
12.71812,274,0.519999980926514,0.518197632318547
12.72801,275,0.519999980926514,0.518197632318547
12.73656,276,0.519999980926514,0.518197632318547
12.74555,277,0.519999980926514,0.518197632318547
12.75436,278,0.519999980926514,0.518197632318547
12.76348,279,0.519999980926514,0.518197632318547
12.77263,280,0.519999980926514,0.51759155321642
12.78206,281,0.519999980926514,0.518197632318547
12.79287,282,0.519999980926514,0.518197632318547
12.80263,283,0.519999980926514,0.518197632318547
12.8112,284,0.519999980926514,0.51759155321642
12.82047,285,0.519999980926514,0.518197632318547
12.82893,286,0.519999980926514,0.518197632318547
12.84008,287,0.519999980926514,0.518197632318547
12.84955,288,0.519999980926514,0.518197632318547
12.859,289,0.519999980926514,0.518197632318547
12.86808,290,0.519999980926514,0.518197632318547
12.87745,291,0.519999980926514,0.518197632318547
12.88731,292,0.519999980926514,0.518197632318547
12.89762,293,0.519999980926514,0.518197632318547
12.90682,294,0.519999980926514,0.518197632318547
12.91552,295,0.519999980926514,0.518197632318547
12.92432,296,0.519999980926514,0.518197632318547
12.93385,297,0.519999980926514,0.518197632318547
12.94291,298,0.519999980926514,0.518197632318547
12.95295,299,0.519999980926514,0.518197632318547
12.96304,300,0.519999980926514,0.518197632318547
12.97199,301,0.519999980926514,0.518197632318547
12.981,302,0.519999980926514,0.518197632318547
12.98957,303,0.519999980926514,0.518197632318547
12.99961,304,0.519999980926514,0.518197632318547
13.00884,305,0.519999980926514,0.518197632318547
13.0174,306,0.519999980926514,0.518197632318547
13.02743,307,0.519999980926514,0.518197632318547
13.03681,308,0.519999980926514,0.51759155321642
13.04648,309,0.519999980926514,0.518197632318547
13.05656,310,0.519999980926514,0.518197632318547
13.06604,311,0.519999980926514,0.518197632318547
13.07585,312,0.519999980926514,0.518197632318547
13.08537,313,0.519999980926514,0.518197632318547
13.09524,314,0.519999980926514,0.518197632318547
13.10431,315,0.519999980926514,0.518197632318547
13.11283,316,0.519999980926514,0.518197632318547
13.12288,317,0.519999980926514,0.518197632318547
13.13144,318,0.519999980926514,0.518197632318547
13.13984,319,0.519999980926514,0.518197632318547
13.15035,320,0.519999980926514,0.518197632318547
13.1606,321,0.519999980926514,0.518197632318547
13.17019,322,0.519999980926514,0.518197632318547
13.18082,323,0.519999980926514,0.518197632318547
13.18934,324,0.519999980926514,0.518197632318547
13.19945,325,0.519999980926514,0.518197632318547
13.20787,326,0.519999980926514,0.518197632318547
13.21736,327,0.519999980926514,0.518197632318547
13.2268,328,0.519999980926514,0.518197632318547
13.23616,329,0.519999980926514,0.518197632318547
13.24687,330,0.519999980926514,0.518197632318547
13.25595,331,0.519999980926514,0.518197632318547
13.26661,332,0.519999980926514,0.51759155321642
13.27589,333,0.519999980926514,0.518197632318547
13.28485,334,0.519999980926514,0.518197632318547
13.29472,335,0.519999980926514,0.518197632318547
13.30397,336,0.519999980926514,0.518197632318547
13.31352,337,0.519999980926514,0.518197632318547
13.32254,338,0.519999980926514,0.518197632318547
13.33242,339,0.519999980926514,0.518197632318547
13.34235,340,0.519999980926514,0.518197632318547
13.35258,341,0.519999980926514,0.518197632318547
13.36225,342,0.519999980926514,0.518197632318547
13.37177,343,0.519999980926514,0.518197632318547
13.38123,344,0.519999980926514,0.518197632318547
13.39018,345,0.519999980926514,0.518197632318547
13.39999,346,0.519999980926514,0.518197632318547
13.40891,347,0.519999980926514,0.518197632318547
13.4184,348,0.519999980926514,0.518197632318547
13.42766,349,0.519999980926514,0.518197632318547
13.43618,350,0.519999980926514,0.518197632318547
13.44637,351,0.519999980926514,0.518197632318547
13.45552,352,0.519999980926514,0.518197632318547
13.46593,353,0.519999980926514,0.518197632318547
13.47513,354,0.519999980926514,0.518197632318547
13.48401,355,0.519999980926514,0.518197632318547
13.49329,356,0.519999980926514,0.518197632318547
13.50272,357,0.519999980926514,0.518197632318547
13.51118,358,0.519999980926514,0.518197632318547
13.52073,359,0.519999980926514,0.518197632318547
13.52922,360,0.519999980926514,0.518197632318547
13.53784,361,0.519999980926514,0.518197632318547
13.54643,362,0.519999980926514,0.518197632318547
13.55601,363,0.519999980926514,0.518197632318547
13.56743,364,0.519999980926514,0.518197632318547
13.57925,365,0.519999980926514,0.518197632318547
13.58807,366,0.519999980926514,0.518197632318547
13.59709,367,0.519999980926514,0.518197632318547
13.60664,368,0.519999980926514,0.518197632318547
13.61658,369,0.519999980926514,0.518197632318547
13.62673,370,0.519999980926514,0.518197632318547
13.63645,371,0.519999980926514,0.518197632318547
13.6451,372,0.519999980926514,0.518197632318547
13.65526,373,0.519999980926514,0.518803711420674
13.66537,374,0.519999980926514,0.518197632318547
13.67587,375,0.519999980926514,0.518197632318547
13.68661,376,0.519999980926514,0.518197632318547
13.69669,377,0.519999980926514,0.518197632318547
13.70607,378,0.519999980926514,0.518197632318547
13.71488,379,0.519999980926514,0.518197632318547
13.72325,380,0.519999980926514,0.518197632318547
13.73335,381,0.519999980926514,0.518197632318547
13.74266,382,0.519999980926514,0.518197632318547
13.75117,383,0.519999980926514,0.51759155321642
13.76155,384,0.519999980926514,0.518197632318547
13.77107,385,0.519999980926514,0.518197632318547
13.77974,386,0.519999980926514,0.518197632318547
13.78981,387,0.519999980926514,0.518197632318547
13.80064,388,0.519999980926514,0.518197632318547
13.81004,389,0.519999980926514,0.518197632318547
13.81931,390,0.519999980926514,0.518197632318547
13.82844,391,0.519999980926514,0.518197632318547
13.83733,392,0.519999980926514,0.518197632318547
13.8461,393,0.519999980926514,0.518197632318547
13.85506,394,0.519999980926514,0.518197632318547
13.86403,395,0.519999980926514,0.518197632318547
13.8736,396,0.519999980926514,0.518197632318547
13.88293,397,0.519999980926514,0.518197632318547
13.89172,398,0.519999980926514,0.518197632318547
13.90114,399,0.519999980926514,0.518197632318547
13.91224,400,0.519999980926514,0.518197632318547
13.92599,401,0.519999980926514,0.518197632318547
13.93515,402,0.519999980926514,0.518197632318547
13.94416,403,0.519999980926514,0.518197632318547
13.95302,404,0.519999980926514,0.518197632318547
13.96291,405,0.519999980926514,0.518197632318547
13.97316,406,0.519999980926514,0.518197632318547
13.9826,407,0.519999980926514,0.518197632318547
13.99151,408,0.519999980926514,0.518197632318547
14.0001,409,0.519999980926514,0.518197632318547
14.00854,410,0.519999980926514,0.518197632318547
14.01714,411,0.519999980926514,0.518197632318547
14.02647,412,0.519999980926514,0.518197632318547
14.03617,413,0.519999980926514,0.518197632318547
14.04527,414,0.519999980926514,0.518197632318547
14.0557,415,0.519999980926514,0.518197632318547
14.06397,416,0.519999980926514,0.518197632318547
14.07287,417,0.519999980926514,0.518197632318547
14.08166,418,0.519999980926514,0.518197632318547
14.09297,419,0.519999980926514,0.518197632318547
14.10255,420,0.519999980926514,0.518197632318547
14.11159,421,0.519999980926514,0.518197632318547
14.12111,422,0.519999980926514,0.518197632318547
14.13091,423,0.519999980926514,0.518197632318547
14.1403,424,0.519999980926514,0.518197632318547
14.15071,425,0.519999980926514,0.518197632318547
14.15963,426,0.519999980926514,0.518197632318547
14.16979,427,0.519999980926514,0.518197632318547
14.17973,428,0.519999980926514,0.518197632318547
14.18862,429,0.519999980926514,0.518197632318547
14.19895,430,0.519999980926514,0.518197632318547
14.20774,431,0.519999980926514,0.518197632318547
14.21868,432,0.519999980926514,0.518197632318547
14.22877,433,0.519999980926514,0.518197632318547
14.23776,434,0.519999980926514,0.518197632318547
14.24697,435,0.519999980926514,0.518197632318547
14.25578,436,0.519999980926514,0.518197632318547
14.26605,437,0.519999980926514,0.518197632318547
14.27611,438,0.519999980926514,0.518197632318547
14.28548,439,0.519999980926514,0.518197632318547
14.29425,440,0.519999980926514,0.518197632318547
14.30288,441,0.519999980926514,0.518197632318547
14.31186,442,0.519999980926514,0.518197632318547
14.32118,443,0.519999980926514,0.518197632318547
14.32992,444,0.519999980926514,0.518197632318547
14.3384,445,0.519999980926514,0.518197632318547
14.34756,446,0.519999980926514,0.518197632318547
14.35717,447,0.519999980926514,0.518197632318547
14.36742,448,0.519999980926514,0.518197632318547
14.37613,449,0.519999980926514,0.518197632318547
14.38521,450,0.519999980926514,0.518197632318547
14.39451,451,0.519999980926514,0.518197632318547
14.40355,452,0.519999980926514,0.518197632318547
14.41231,453,0.519999980926514,0.518197632318547
14.42079,454,0.519999980926514,0.518197632318547
14.42935,455,0.519999980926514,0.518197632318547
14.43963,456,0.519999980926514,0.518197632318547
14.44955,457,0.519999980926514,0.518197632318547
14.45823,458,0.519999980926514,0.518197632318547
14.46727,459,0.519999980926514,0.518197632318547
14.47655,460,0.519999980926514,0.518197632318547
14.48697,461,0.519999980926514,0.518197632318547
14.49592,462,0.519999980926514,0.518197632318547
14.50576,463,0.519999980926514,0.518197632318547
14.51428,464,0.519999980926514,0.518197632318547
14.5249,465,0.519999980926514,0.518197632318547
14.53392,466,0.519999980926514,0.518197632318547
14.54294,467,0.519999980926514,0.518197632318547
14.55197,468,0.519999980926514,0.518197632318547
14.56132,469,0.519999980926514,0.518197632318547
14.57131,470,0.519999980926514,0.518197632318547
14.58155,471,0.519999980926514,0.518197632318547
14.5899,472,0.519999980926514,0.518197632318547
14.60112,473,0.519999980926514,0.518197632318547
14.61103,474,0.519999980926514,0.518197632318547
14.61991,475,0.519999980926514,0.518197632318547
14.63021,476,0.519999980926514,0.518197632318547
14.63978,477,0.519999980926514,0.518197632318547
14.64991,478,0.519999980926514,0.518197632318547
14.65894,479,0.519999980926514,0.518197632318547
14.66879,480,0.519999980926514,0.518197632318547
14.67802,481,0.519999980926514,0.518197632318547
14.68634,482,0.519999980926514,0.518197632318547
14.69601,483,0.519999980926514,0.518197632318547
14.70529,484,0.519999980926514,0.518197632318547
14.71512,485,0.519999980926514,0.518197632318547
14.72375,486,0.625,0.518197632318547
14.73346,487,0.625,0.518197632318547
14.74195,488,0.625,0.518197632318547
14.75217,489,0.625,0.563047485875941
14.76064,490,0.625,0.578199463429115
14.7718,491,0.625,0.592745361880162
14.7807,492,0.625,0.592745361880162
14.78977,493,0.625,0.617594605067367
14.79899,494,0.625,0.621231079680129
14.80928,495,0.625,0.625473633395018
14.81986,496,0.625,0.626079712497145
14.8296,497,0.625,0.627291870701399
14.83862,498,0.625,0.627897949803526
14.8474,499,0.625,0.626685791599272
14.85614,500,0.625,0.626079712497145
14.86641,501,0.625,0.626079712497145
14.87496,502,0.625,0.626079712497145
14.8847,503,0.625,0.625473633395018
14.89309,504,0.625,0.625473633395018
14.90247,505,0.625,0.624867554292891
14.9116,506,0.625,0.624261475190764
14.92056,507,0.625,0.624261475190764
14.92895,508,0.625,0.623655396088637
14.93951,509,0.625,0.623655396088637
14.9496,510,0.625,0.623655396088637
14.95879,511,0.625,0.62304931698651
14.96826,512,0.625,0.62304931698651
14.97761,513,0.625,0.62304931698651
14.98724,514,0.625,0.62304931698651
14.99785,515,0.625,0.62304931698651
15.00713,516,0.625,0.62304931698651
15.01653,517,0.625,0.62304931698651
15.02483,518,0.625,0.62304931698651
15.03419,519,0.625,0.622443237884383
15.04348,520,0.625,0.62304931698651
15.05337,521,0.625,0.62304931698651
15.06288,522,0.625,0.62304931698651
15.07229,523,0.625,0.62304931698651
15.08246,524,0.625,0.62304931698651
15.09159,525,0.625,0.62304931698651
15.10057,526,0.625,0.62304931698651
15.11216,527,0.625,0.62304931698651
15.12193,528,0.625,0.62304931698651
15.13185,529,0.625,0.62304931698651
15.14044,530,0.625,0.62304931698651
15.14936,531,0.625,0.62304931698651
15.15792,532,0.625,0.62304931698651
15.1683,533,0.625,0.62304931698651
15.17844,534,0.625,0.623655396088637
15.18738,535,0.625,0.62304931698651
15.19615,536,0.625,0.62304931698651
15.20486,537,0.625,0.62304931698651
15.2137,538,0.625,0.62304931698651
15.22331,539,0.625,0.62304931698651
15.2334,540,0.625,0.62304931698651
15.24199,541,0.625,0.62304931698651
15.25188,542,0.625,0.623655396088637
15.26057,543,0.625,0.62304931698651
15.27082,544,0.625,0.62304931698651
15.28022,545,0.625,0.62304931698651
15.28971,546,0.625,0.623655396088637
15.30036,547,0.625,0.623655396088637
15.30934,548,0.625,0.62304931698651
15.31875,549,0.625,0.623655396088637
15.3272,550,0.625,0.623655396088637
15.33707,551,0.625,0.623655396088637
15.34653,552,0.625,0.623655396088637
15.35661,553,0.625,0.623655396088637
15.36509,554,0.625,0.623655396088637
15.37391,555,0.625,0.623655396088637
15.38431,556,0.625,0.623655396088637
15.39266,557,0.625,0.623655396088637
15.40333,558,0.625,0.623655396088637
15.4136,559,0.625,0.623655396088637
15.42366,560,0.625,0.623655396088637
15.43233,561,0.625,0.623655396088637
15.44219,562,0.625,0.623655396088637
15.45071,563,0.625,0.623655396088637
15.46202,564,0.625,0.623655396088637
15.47249,565,0.625,0.623655396088637
15.48118,566,0.625,0.623655396088637
15.49063,567,0.625,0.623655396088637
15.4991,568,0.625,0.623655396088637
15.50841,569,0.625,0.623655396088637
15.51711,570,0.625,0.623655396088637
15.52633,571,0.625,0.623655396088637
15.5357,572,0.625,0.623655396088637
15.54465,573,0.625,0.623655396088637
15.55349,574,0.625,0.623655396088637
15.56199,575,0.625,0.623655396088637
15.57183,576,0.625,0.623655396088637
15.58181,577,0.625,0.623655396088637
15.5908,578,0.625,0.623655396088637
15.6003,579,0.625,0.623655396088637
15.60899,580,0.625,0.623655396088637
15.61828,581,0.625,0.623655396088637
15.627,582,0.625,0.623655396088637
15.63748,583,0.625,0.623655396088637
15.64682,584,0.625,0.623655396088637
15.65614,585,0.625,0.623655396088637
15.66628,586,0.625,0.623655396088637
15.67517,587,0.625,0.623655396088637
15.68485,588,0.625,0.623655396088637
15.69405,589,0.625,0.623655396088637
15.70431,590,0.625,0.623655396088637
15.71278,591,0.625,0.624261475190764
15.72183,592,0.625,0.624261475190764
15.73021,593,0.625,0.623655396088637
15.74145,594,0.625,0.623655396088637
15.74973,595,0.625,0.623655396088637
15.75839,596,0.625,0.623655396088637
15.76875,597,0.625,0.623655396088637
15.77735,598,0.625,0.623655396088637
15.78645,599,0.625,0.624261475190764
15.79785,600,0.625,0.623655396088637
15.80812,601,0.625,0.624261475190764
15.81722,602,0.625,0.623655396088637
15.82631,603,0.625,0.624261475190764
15.83599,604,0.625,0.623655396088637
15.84467,605,0.625,0.623655396088637
15.85508,606,0.625,0.624261475190764
15.86467,607,0.625,0.623655396088637
15.8736,608,0.625,0.624261475190764
15.8828,609,0.625,0.624261475190764
15.89159,610,0.625,0.623655396088637
15.90034,611,0.625,0.623655396088637
15.91181,612,0.625,0.624261475190764
15.92133,613,0.625,0.623655396088637
15.9307,614,0.625,0.624261475190764
15.94019,615,0.625,0.624261475190764
15.9496,616,0.625,0.624261475190764
15.96046,617,0.625,0.624261475190764
15.96972,618,0.625,0.624261475190764
15.97921,619,0.625,0.623655396088637
15.98835,620,0.625,0.624261475190764
15.99711,621,0.625,0.623655396088637
16.00665,622,0.625,0.624261475190764
16.0165,623,0.625,0.624261475190764
16.03057,624,0.625,0.623655396088637
16.04012,625,0.625,0.624261475190764
16.04957,626,0.625,0.624261475190764
16.05815,627,0.625,0.624261475190764
16.06778,628,0.625,0.624261475190764
16.07909,629,0.625,0.623655396088637
16.08852,630,0.625,0.623655396088637
16.09736,631,0.625,0.623655396088637
16.10735,632,0.625,0.624261475190764
16.11698,633,0.625,0.624261475190764
16.12607,634,0.625,0.624261475190764
16.13636,635,0.625,0.623655396088637
16.14593,636,0.625,0.624261475190764
16.15447,637,0.625,0.624261475190764
16.16422,638,0.625,0.624261475190764
16.17305,639,0.625,0.623655396088637
16.18176,640,0.625,0.624261475190764
16.19038,641,0.625,0.623655396088637
16.20012,642,0.625,0.623655396088637
16.21039,643,0.625,0.624261475190764
16.21951,644,0.625,0.624261475190764
16.22843,645,0.625,0.624261475190764
16.23737,646,0.625,0.623655396088637
16.24773,647,0.625,0.624261475190764
16.2563,648,0.625,0.623655396088637
16.26588,649,0.625,0.624261475190764
16.27621,650,0.625,0.623655396088637
16.28621,651,0.625,0.624261475190764
16.29587,652,0.625,0.624261475190764
16.30541,653,0.625,0.624261475190764
16.31551,654,0.625,0.624261475190764
16.32462,655,0.625,0.624261475190764
16.33483,656,0.625,0.624261475190764
16.3436,657,0.625,0.623655396088637
16.35253,658,0.625,0.623655396088637
16.36213,659,0.625,0.624261475190764
16.37249,660,0.625,0.624261475190764
16.38157,661,0.625,0.624261475190764
16.39146,662,0.625,0.624261475190764
16.39982,663,0.625,0.623655396088637
16.40996,664,0.625,0.624261475190764
16.41998,665,0.625,0.624261475190764
16.4299,666,0.625,0.624261475190764
16.44045,667,0.625,0.624261475190764
16.44964,668,0.625,0.624261475190764
16.45867,669,0.625,0.624261475190764
16.46695,670,0.625,0.624261475190764
16.47608,671,0.625,0.624261475190764
16.48559,672,0.625,0.624261475190764
16.49504,673,0.625,0.624261475190764
16.50442,674,0.625,0.624261475190764
16.51613,675,0.625,0.624261475190764
16.52525,676,0.625,0.624261475190764
16.53579,677,0.625,0.624261475190764
16.54602,678,0.625,0.624261475190764
16.5561,679,0.625,0.624261475190764
16.56534,680,0.625,0.624261475190764
16.57528,681,0.625,0.624261475190764
16.58471,682,0.625,0.623655396088637
16.59354,683,0.625,0.624261475190764
16.60309,684,0.625,0.624261475190764
16.61237,685,0.625,0.624261475190764
16.62085,686,0.625,0.624261475190764
16.63082,687,0.625,0.624261475190764
16.63955,688,0.625,0.624261475190764
16.64826,689,0.625,0.624261475190764
16.65736,690,0.625,0.624261475190764
16.66587,691,0.625,0.624261475190764
16.67599,692,0.625,0.624261475190764
16.68455,693,0.625,0.624261475190764
16.69448,694,0.625,0.624261475190764
16.70885,695,0.625,0.624261475190764
16.71829,696,0.625,0.624261475190764
16.72853,697,0.625,0.624261475190764
16.73904,698,0.625,0.624261475190764
16.748,699,0.625,0.624261475190764
16.75715,700,0.625,0.624261475190764
16.7674,701,0.625,0.624261475190764
16.77756,702,0.625,0.624261475190764
16.78599,703,0.625,0.624261475190764
16.79501,704,0.625,0.624261475190764
16.80489,705,0.625,0.623655396088637
16.81334,706,0.625,0.624261475190764
16.82221,707,0.625,0.624261475190764
16.83136,708,0.625,0.624261475190764
16.84104,709,0.625,0.624261475190764
16.84964,710,0.625,0.624261475190764
16.85837,711,0.625,0.624261475190764
16.86722,712,0.625,0.624261475190764
16.87727,713,0.625,0.624261475190764
16.88746,714,0.625,0.624261475190764
16.8973,715,0.625,0.624261475190764
16.90776,716,0.625,0.624261475190764
16.91772,717,0.625,0.624261475190764
16.92629,718,0.625,0.624261475190764
16.93473,719,0.625,0.624261475190764
16.94307,720,0.625,0.624261475190764
16.95157,721,0.625,0.624261475190764
16.96131,722,0.625,0.624261475190764
16.97084,723,0.625,0.624261475190764
16.98112,724,0.625,0.624261475190764
16.99121,725,0.625,0.624261475190764
17.00142,726,0.625,0.624261475190764
17.00981,727,0.625,0.624261475190764
17.01954,728,0.625,0.624261475190764
17.02913,729,0.625,0.624261475190764
17.03752,730,0.625,0.624261475190764
17.04615,731,0.625,0.624261475190764
17.05483,732,0.625,0.624261475190764
17.06339,733,0.625,0.624261475190764
17.0728,734,0.625,0.624261475190764
17.08144,735,0.625,0.624261475190764
17.09116,736,0.625,0.624261475190764
17.10104,737,0.625,0.624261475190764
17.1105,738,0.625,0.624261475190764
17.11945,739,0.625,0.624261475190764
17.12904,740,0.625,0.623655396088637
17.13932,741,0.625,0.624261475190764
17.14938,742,0.625,0.623655396088637
17.15789,743,0.625,0.624261475190764
17.16698,744,0.625,0.624261475190764
17.17612,745,0.625,0.624261475190764
17.18488,746,0.625,0.624261475190764
17.19411,747,0.625,0.624261475190764
17.20473,748,0.625,0.624261475190764
17.21444,749,0.625,0.624261475190764
17.22389,750,0.625,0.624261475190764
17.23264,751,0.625,0.624261475190764
17.24259,752,0.625,0.624261475190764
17.25195,753,0.625,0.624261475190764
17.26134,754,0.625,0.624261475190764
17.27001,755,0.625,0.624261475190764
17.28125,756,0.625,0.624261475190764
17.29028,757,0.625,0.624261475190764
17.29943,758,0.625,0.624261475190764
17.30971,759,0.625,0.624261475190764
17.31877,760,0.625,0.624261475190764
17.32882,761,0.625,0.624261475190764
17.33915,762,0.625,0.624261475190764
17.34855,763,0.625,0.624261475190764
17.35873,764,0.625,0.624261475190764
17.36711,765,0.625,0.624261475190764
17.37682,766,0.625,0.624261475190764
17.38651,767,0.625,0.624261475190764
17.39506,768,0.625,0.624261475190764
17.40434,769,0.625,0.624261475190764
17.41381,770,0.625,0.624261475190764
17.42201,771,0.625,0.624261475190764
17.43124,772,0.625,0.624261475190764
17.4417,773,0.625,0.624261475190764
17.45041,774,0.625,0.624261475190764
17.45912,775,0.625,0.624261475190764
17.46877,776,0.625,0.624261475190764
17.47805,777,0.625,0.624261475190764
17.48667,778,0.625,0.624261475190764
17.49678,779,0.625,0.624261475190764
17.5061,780,0.625,0.624261475190764
17.51565,781,0.625,0.624261475190764
17.52405,782,0.625,0.624261475190764
17.53378,783,0.625,0.624261475190764
17.54213,784,0.625,0.624261475190764
17.55242,785,0.625,0.624261475190764
17.56252,786,0.625,0.624261475190764
17.57313,787,0.625,0.624261475190764
17.5833,788,0.625,0.624261475190764
17.59269,789,0.625,0.624261475190764
17.60278,790,0.625,0.624261475190764
17.61252,791,0.625,0.624261475190764
17.62145,792,0.625,0.624261475190764
17.63069,793,0.625,0.624261475190764
17.63944,794,0.625,0.624261475190764
17.64953,795,0.625,0.624261475190764
17.6585,796,0.625,0.624261475190764
17.66728,797,0.625,0.624261475190764
17.67685,798,0.625,0.624261475190764
17.68692,799,0.625,0.624261475190764
17.69643,800,0.625,0.624261475190764
17.70659,801,0.625,0.623655396088637
17.71557,802,0.625,0.624261475190764
17.7248,803,0.625,0.624261475190764
17.73381,804,0.625,0.624261475190764
17.74258,805,0.625,0.624261475190764
17.75155,806,0.625,0.624261475190764
17.76009,807,0.625,0.624261475190764
17.76855,808,0.625,0.624261475190764
17.77838,809,0.625,0.624261475190764
17.78768,810,0.625,0.624261475190764
17.79663,811,0.625,0.624261475190764
17.80678,812,0.625,0.624261475190764
17.81561,813,0.625,0.624261475190764
17.82447,814,0.625,0.624261475190764
17.83393,815,0.625,0.624261475190764
17.84423,816,0.625,0.624261475190764
17.85325,817,0.625,0.624261475190764
17.86223,818,0.625,0.624261475190764
17.87147,819,0.625,0.624261475190764
17.88188,820,0.625,0.624261475190764
17.8907,821,0.625,0.624261475190764
17.90035,822,0.625,0.624261475190764
17.90903,823,0.625,0.624261475190764
17.91821,824,0.625,0.624261475190764
17.92849,825,0.625,0.624261475190764
17.93869,826,0.625,0.624261475190764
17.94841,827,0.625,0.623655396088637
17.95875,828,0.625,0.624261475190764
17.96713,829,0.625,0.624261475190764
17.97743,830,0.625,0.624261475190764
17.98646,831,0.625,0.624261475190764
17.99612,832,0.625,0.624261475190764
18.00679,833,0.625,0.624261475190764
18.01706,834,0.625,0.624261475190764
18.0272,835,0.625,0.624261475190764
18.03763,836,0.625,0.624261475190764
18.0461,837,0.625,0.624261475190764
18.05473,838,0.625,0.624261475190764
18.06964,839,0.625,0.624261475190764
18.07866,840,0.625,0.624261475190764
18.08704,841,0.625,0.624261475190764
18.09738,842,0.625,0.624261475190764
18.1074,843,0.625,0.624261475190764
18.11664,844,0.625,0.624261475190764
18.12494,845,0.625,0.624261475190764
18.13505,846,0.625,0.624261475190764
18.14512,847,0.625,0.624261475190764
18.15381,848,0.625,0.624261475190764
18.16419,849,0.625,0.624261475190764
18.17285,850,0.625,0.624261475190764
18.18209,851,0.625,0.624261475190764
18.19234,852,0.625,0.624261475190764
18.20084,853,0.625,0.624261475190764
18.21112,854,0.625,0.624261475190764
18.22113,855,0.625,0.624261475190764
18.22989,856,0.625,0.624261475190764
18.23919,857,0.625,0.624261475190764
18.24879,858,0.625,0.624261475190764
18.25747,859,0.625,0.623655396088637
18.26678,860,0.625,0.623655396088637
18.27609,861,0.625,0.623655396088637
18.28591,862,0.625,0.623655396088637
18.29626,863,0.625,0.623655396088637
18.30501,864,0.625,0.624261475190764
18.31425,865,0.625,0.623655396088637
18.32455,866,0.625,0.623655396088637
18.33411,867,0.625,0.623655396088637
18.34249,868,0.625,0.624261475190764
18.3526,869,0.625,0.623655396088637
18.36277,870,0.625,0.624261475190764
18.37366,871,0.625,0.623655396088637
18.38438,872,0.625,0.623655396088637
18.39403,873,0.625,0.623655396088637
18.40341,874,0.625,0.623655396088637
18.41359,875,0.625,0.623655396088637
18.42368,876,0.625,0.623655396088637
18.43397,877,0.625,0.623655396088637
18.44253,878,0.625,0.623655396088637
18.45209,879,0.625,0.623655396088637
18.46073,880,0.625,0.623655396088637
18.4709,881,0.625,0.623655396088637
18.48134,882,0.625,0.623655396088637
18.49274,883,0.625,0.623655396088637
18.50316,884,0.625,0.623655396088637
18.5124,885,0.625,0.623655396088637
18.52089,886,0.625,0.623655396088637
18.53096,887,0.625,0.623655396088637
18.54094,888,0.625,0.623655396088637
18.55034,889,0.625,0.623655396088637
18.55995,890,0.625,0.623655396088637
18.56884,891,0.625,0.623655396088637
18.57925,892,0.625,0.623655396088637
18.58846,893,0.625,0.623655396088637
18.5993,894,0.625,0.623655396088637
18.60925,895,0.625,0.623655396088637
18.61828,896,0.625,0.623655396088637
18.62724,897,0.625,0.623655396088637
18.63584,898,0.625,0.623655396088637
18.64446,899,0.625,0.623655396088637
18.65307,900,0.625,0.62304931698651
18.66252,901,0.625,0.62304931698651
18.67158,902,0.625,0.62304931698651
18.68106,903,0.625,0.62304931698651
18.69091,904,0.625,0.623655396088637
18.69925,905,0.625,0.623655396088637
18.70905,906,0.625,0.623655396088637
18.71756,907,0.625,0.62304931698651
18.72674,908,0.625,0.62304931698651
18.73668,909,0.625,0.62304931698651
18.7474,910,0.625,0.62304931698651
18.75726,911,0.625,0.623655396088637
18.76766,912,0.625,0.62304931698651
18.77773,913,0.625,0.62304931698651
18.78769,914,0.625,0.623655396088637
18.79747,915,0.625,0.623655396088637
18.8069,916,0.625,0.62304931698651
18.81611,917,0.625,0.62304931698651
18.82551,918,0.625,0.623655396088637
18.83468,919,0.625,0.623655396088637
18.84441,920,0.625,0.623655396088637
18.85496,921,0.625,0.62304931698651
18.86403,922,0.625,0.62304931698651
18.87321,923,0.625,0.623655396088637
18.88345,924,0.625,0.62304931698651
18.89367,925,0.625,0.62304931698651
18.9032,926,0.625,0.623655396088637
18.9127,927,0.625,0.62304931698651
18.92208,928,0.625,0.62304931698651
18.93153,929,0.625,0.623655396088637
18.94019,930,0.625,0.623655396088637
18.94872,931,0.625,0.623655396088637
18.95864,932,0.625,0.623655396088637
18.96761,933,0.625,0.623655396088637
18.97779,934,0.625,0.623655396088637
18.98618,935,0.625,0.62304931698651
18.99627,936,0.625,0.62304931698651
19.00463,937,0.625,0.623655396088637
19.0134,938,0.625,0.623655396088637
19.02212,939,0.625,0.623655396088637
19.03204,940,0.625,0.623655396088637
19.04091,941,0.625,0.62304931698651
19.04952,942,0.625,0.623655396088637
19.05904,943,0.625,0.623655396088637
19.06866,944,0.625,0.623655396088637
19.07779,945,0.625,0.623655396088637
19.08826,946,0.625,0.623655396088637
19.09759,947,0.625,0.623655396088637
19.10671,948,0.625,0.623655396088637
19.11594,949,0.625,0.623655396088637
19.12606,950,0.625,0.623655396088637
19.13445,951,0.625,0.623655396088637
19.14351,952,0.625,0.623655396088637
19.15213,953,0.625,0.623655396088637
19.16229,954,0.625,0.623655396088637
19.17251,955,0.625,0.623655396088637
19.18204,956,0.625,0.623655396088637
19.19078,957,0.625,0.623655396088637
19.19913,958,0.625,0.623655396088637
19.20862,959,0.625,0.623655396088637
19.21746,960,0.625,0.623655396088637
19.22762,961,0.625,0.623655396088637
19.23722,962,0.625,0.623655396088637
19.24692,963,0.625,0.623655396088637
19.25711,964,0.625,0.623655396088637
19.26571,965,0.625,0.623655396088637
19.27429,966,0.625,0.623655396088637
19.28392,967,0.625,0.623655396088637
19.29384,968,0.625,0.623655396088637
19.30428,969,0.625,0.623655396088637
19.31286,970,0.625,0.623655396088637
19.3218,971,0.625,0.623655396088637
19.33113,972,0.625,0.623655396088637
19.34094,973,0.625,0.623655396088637
19.3508,974,0.625,0.623655396088637
19.35944,975,0.625,0.624261475190764
19.36891,976,0.625,0.623655396088637
19.37911,977,0.625,0.624261475190764
19.38971,978,0.625,0.623655396088637
19.39905,979,0.625,0.623655396088637
19.40903,980,0.625,0.623655396088637
19.42053,981,0.625,0.623655396088637
19.43001,982,0.625,0.623655396088637
19.43866,983,0.625,0.623655396088637
19.44732,984,0.625,0.624261475190764
19.45835,985,0.625,0.623655396088637
19.46775,986,0.625,0.623655396088637
19.47709,987,0.625,0.623655396088637
19.48662,988,0.625,0.624261475190764
19.49541,989,0.625,0.623655396088637
19.50401,990,0.625,0.623655396088637
19.51512,991,0.625,0.624261475190764
19.52351,992,0.625,0.623655396088637
19.53422,993,0.625,0.623655396088637
19.54332,994,0.625,0.624261475190764
19.55199,995,0.625,0.623655396088637
19.56197,996,0.625,0.623655396088637
19.57082,997,0.625,0.624261475190764
19.58016,998,0.625,0.624261475190764
19.58883,999,0.625,0.624261475190764
19.5973,1000,0.625,0.624261475190764
19.60716,1001,0.625,0.624261475190764
19.6175,1002,0.625,0.624261475190764
19.62751,1003,0.625,0.624261475190764
19.63706,1004,0.625,0.624261475190764
19.64562,1005,0.625,0.624261475190764
19.65563,1006,0.625,0.624261475190764
19.66485,1007,0.625,0.624261475190764
19.67368,1008,0.625,0.624261475190764
19.68401,1009,0.625,0.624261475190764
19.69389,1010,0.625,0.624261475190764
19.70305,1011,0.625,0.624261475190764
19.71331,1012,0.625,0.624261475190764
19.72171,1013,0.519999980926514,0.624261475190764
19.73201,1014,0.519999980926514,0.624261475190764
19.7427,1015,0.519999980926514,0.624261475190764
19.75147,1016,0.519999980926514,0.623655396088637
19.7617,1017,0.519999980926514,0.588502808165273
19.7707,1018,0.519999980926514,0.569714355999338
19.77917,1019,0.519999980926514,0.556380615752545
19.78864,1020,0.519999980926514,0.548501587424894
19.79778,1021,0.519999980926514,0.543046875505752
19.80829,1022,0.519999980926514,0.540622559097244
19.819,1023,0.519999980926514,0.538198242688736
19.82824,1024,0.519999980926514,0.534561768075975
19.83809,1025,0.519999980926514,0.532743530769594
19.84726,1026,0.519999980926514,0.530925293463213
19.85614,1027,0.519999980926514,0.529713135258959
19.86528,1028,0.519999980926514,0.529107056156832
19.87442,1029,0.519999980926514,0.529107056156832
19.88288,1030,0.519999980926514,0.527288818850451
19.89205,1031,0.519999980926514,0.526076660646197
19.90042,1032,0.519999980926514,0.524864502441943
19.91056,1033,0.519999980926514,0.524258423339816
19.92079,1034,0.519999980926514,0.524258423339816
19.92949,1035,0.519999980926514,0.523046265135562
19.93843,1036,0.519999980926514,0.522440186033435
19.94753,1037,0.519999980926514,0.521834106931308
19.95736,1038,0.519999980926514,0.521228027829181
19.96575,1039,0.519999980926514,0.521228027829181
19.9743,1040,0.519999980926514,0.521228027829181
19.98311,1041,0.519999980926514,0.520621948727054
19.99179,1042,0.519999980926514,0.520015869624927
20.00206,1043,0.519999980926514,0.520015869624927
20.01211,1044,0.519999980926514,0.519409790522801
20.02222,1045,0.519999980926514,0.519409790522801
20.03229,1046,0.519999980926514,0.519409790522801
20.04328,1047,0.519999980926514,0.519409790522801
20.05182,1048,0.519999980926514,0.519409790522801
20.06174,1049,0.519999980926514,0.518803711420674
20.07123,1050,0.519999980926514,0.518803711420674
20.08026,1051,0.519999980926514,0.518803711420674
20.08949,1052,0.519999980926514,0.518803711420674
20.09992,1053,0.519999980926514,0.518803711420674
20.10998,1054,0.519999980926514,0.518803711420674
20.11998,1055,0.519999980926514,0.518803711420674
20.12993,1056,0.519999980926514,0.518803711420674
20.14032,1057,0.519999980926514,0.518803711420674
20.151,1058,0.519999980926514,0.518803711420674
20.15948,1059,0.519999980926514,0.518803711420674
20.16994,1060,0.519999980926514,0.518803711420674
20.17973,1061,0.519999980926514,0.518197632318547
20.18875,1062,0.519999980926514,0.518197632318547
20.19747,1063,0.519999980926514,0.518197632318547
20.20705,1064,0.519999980926514,0.518197632318547
20.21699,1065,0.519999980926514,0.518197632318547
20.22648,1066,0.519999980926514,0.518197632318547
20.23627,1067,0.519999980926514,0.518197632318547
20.24652,1068,0.519999980926514,0.51759155321642
20.25509,1069,0.519999980926514,0.51759155321642
20.26613,1070,0.519999980926514,0.518197632318547
20.27628,1071,0.519999980926514,0.518197632318547
20.28518,1072,0.519999980926514,0.518197632318547
20.29439,1073,0.519999980926514,0.51759155321642
20.303,1074,0.519999980926514,0.51759155321642
20.31191,1075,0.519999980926514,0.51759155321642
20.32197,1076,0.519999980926514,0.51759155321642
20.33187,1077,0.519999980926514,0.51759155321642
20.34073,1078,0.519999980926514,0.51759155321642
20.35127,1079,0.519999980926514,0.51759155321642
20.36067,1080,0.519999980926514,0.516985474114293
20.37021,1081,0.519999980926514,0.516985474114293
20.37918,1082,0.519999980926514,0.516985474114293
20.38825,1083,0.519999980926514,0.516985474114293
20.39717,1084,0.519999980926514,0.516985474114293
20.40643,1085,0.519999980926514,0.516985474114293
20.41553,1086,0.519999980926514,0.516985474114293
20.42451,1087,0.519999980926514,0.516985474114293
20.43478,1088,0.519999980926514,0.516379395012166
20.44386,1089,0.519999980926514,0.516985474114293
20.45235,1090,0.519999980926514,0.516985474114293
20.46237,1091,0.519999980926514,0.516379395012166
20.4714,1092,0.519999980926514,0.516985474114293
20.48073,1093,0.519999980926514,0.516379395012166
20.49005,1094,0.519999980926514,0.516379395012166
20.4988,1095,0.519999980926514,0.516379395012166
20.50737,1096,0.519999980926514,0.516379395012166
20.51622,1097,0.519999980926514,0.516379395012166
20.5254,1098,0.519999980926514,0.516379395012166
20.53551,1099,0.519999980926514,0.516379395012166
20.54549,1100,0.519999980926514,0.516379395012166
20.55405,1101,0.519999980926514,0.516379395012166
20.564,1102,0.519999980926514,0.516379395012166
20.57424,1103,0.519999980926514,0.515773315910039
20.58306,1104,0.519999980926514,0.516379395012166
20.59322,1105,0.519999980926514,0.515773315910039
20.60279,1106,0.519999980926514,0.516379395012166
20.61279,1107,0.519999980926514,0.516379395012166
20.62288,1108,0.519999980926514,0.515773315910039
20.63297,1109,0.519999980926514,0.515773315910039
20.64306,1110,0.519999980926514,0.515773315910039
20.65243,1111,0.519999980926514,0.515773315910039
20.66191,1112,0.519999980926514,0.515773315910039
20.67191,1113,0.519999980926514,0.515773315910039
20.6808,1114,0.519999980926514,0.515773315910039
20.68988,1115,0.519999980926514,0.515773315910039
20.6998,1116,0.519999980926514,0.515773315910039
20.70828,1117,0.519999980926514,0.515167236807912
20.71814,1118,0.519999980926514,0.515167236807912
20.72711,1119,0.519999980926514,0.515167236807912
20.73653,1120,0.519999980926514,0.515167236807912
20.74657,1121,0.519999980926514,0.515773315910039
20.75534,1122,0.519999980926514,0.515167236807912
20.76493,1123,0.519999980926514,0.515167236807912
20.77332,1124,0.519999980926514,0.515167236807912
20.78447,1125,0.519999980926514,0.515167236807912
20.79365,1126,0.519999980926514,0.515167236807912
20.80302,1127,0.519999980926514,0.515167236807912
20.81317,1128,0.519999980926514,0.515167236807912
20.82297,1129,0.519999980926514,0.515167236807912
20.83237,1130,0.519999980926514,0.515167236807912
20.84208,1131,0.519999980926514,0.515167236807912
20.85137,1132,0.519999980926514,0.515167236807912
20.86145,1133,0.519999980926514,0.515167236807912
20.87156,1134,0.519999980926514,0.514561157705785
20.88046,1135,0.519999980926514,0.514561157705785
20.89067,1136,0.519999980926514,0.514561157705785
20.90002,1137,0.519999980926514,0.514561157705785
20.90867,1138,0.519999980926514,0.514561157705785
20.9187,1139,0.519999980926514,0.514561157705785
20.92739,1140,0.519999980926514,0.514561157705785
20.93584,1141,0.519999980926514,0.514561157705785
20.94456,1142,0.519999980926514,0.514561157705785
20.95468,1143,0.519999980926514,0.514561157705785
20.96369,1144,0.519999980926514,0.514561157705785
20.97305,1145,0.519999980926514,0.514561157705785
20.98194,1146,0.519999980926514,0.514561157705785
20.99092,1147,0.519999980926514,0.514561157705785
21.00104,1148,0.519999980926514,0.513955078603658
21.01068,1149,0.519999980926514,0.513955078603658
21.02049,1150,0.519999980926514,0.513955078603658
21.03065,1151,0.519999980926514,0.513955078603658
21.04096,1152,0.519999980926514,0.513955078603658
21.05117,1153,0.519999980926514,0.513955078603658
21.06034,1154,0.519999980926514,0.513955078603658
21.06973,1155,0.519999980926514,0.513955078603658
21.07957,1156,0.519999980926514,0.513955078603658
21.09058,1157,0.519999980926514,0.513955078603658
21.09891,1158,0.519999980926514,0.513348999501531
21.10898,1159,0.519999980926514,0.513955078603658
21.11957,1160,0.519999980926514,0.513955078603658
21.12836,1161,0.519999980926514,0.513955078603658
21.13708,1162,0.519999980926514,0.513348999501531
21.14722,1163,0.519999980926514,0.513955078603658
21.15766,1164,0.519999980926514,0.513348999501531
21.16637,1165,0.519999980926514,0.513955078603658
21.17657,1166,0.519999980926514,0.513955078603658
21.18512,1167,0.519999980926514,0.513348999501531
21.19503,1168,0.519999980926514,0.513348999501531
21.20522,1169,0.519999980926514,0.513348999501531
21.21523,1170,0.519999980926514,0.513348999501531
21.22409,1171,0.519999980926514,0.513348999501531
21.23251,1172,0.519999980926514,0.513348999501531
21.24114,1173,0.519999980926514,0.513348999501531
21.25146,1174,0.519999980926514,0.513348999501531
21.26137,1175,0.519999980926514,0.512742920399404
21.2715,1176,0.519999980926514,0.513348999501531
21.28001,1177,0.519999980926514,0.513348999501531
21.28954,1178,0.519999980926514,0.512742920399404
21.29989,1179,0.519999980926514,0.512742920399404
21.30981,1180,0.519999980926514,0.512742920399404
21.32009,1181,0.519999980926514,0.512742920399404
21.32853,1182,0.519999980926514,0.512742920399404
21.33921,1183,0.519999980926514,0.512742920399404
21.34949,1184,0.519999980926514,0.512742920399404
21.3582,1185,0.519999980926514,0.512742920399404
21.36714,1186,0.519999980926514,0.512742920399404
21.37633,1187,0.519999980926514,0.512742920399404
21.38585,1188,0.519999980926514,0.512742920399404
21.39597,1189,0.519999980926514,0.513348999501531
21.40576,1190,0.519999980926514,0.515167236807912
21.41429,1191,0.519999980926514,0.515773315910039
21.4231,1192,0.519999980926514,0.516379395012166
21.43183,1193,0.519999980926514,0.51759155321642
21.44074,1194,0.519999980926514,0.51759155321642
21.45137,1195,0.519999980926514,0.518197632318547
21.45998,1196,0.519999980926514,0.518197632318547
21.46926,1197,0.519999980926514,0.518803711420674
21.4777,1198,0.519999980926514,0.518803711420674
21.4866,1199,0.519999980926514,0.518803711420674
21.49494,1200,0.519999980926514,0.518803711420674
21.5047,1201,0.519999980926514,0.519409790522801
21.51476,1202,0.519999980926514,0.519409790522801
21.5235,1203,0.519999980926514,0.519409790522801
21.53399,1204,0.519999980926514,0.519409790522801
21.54244,1205,0.519999980926514,0.519409790522801
21.55142,1206,0.519999980926514,0.519409790522801
21.56087,1207,0.519999980926514,0.519409790522801
21.56963,1208,0.519999980926514,0.520015869624927
21.57984,1209,0.519999980926514,0.520015869624927
21.58835,1210,0.519999980926514,0.519409790522801
21.59893,1211,0.519999980926514,0.520015869624927
21.60772,1212,0.519999980926514,0.520015869624927
21.61723,1213,0.519999980926514,0.520015869624927
21.62562,1214,0.519999980926514,0.520015869624927
21.63483,1215,0.519999980926514,0.519409790522801
21.64328,1216,0.519999980926514,0.519409790522801
21.65224,1217,0.519999980926514,0.519409790522801
21.66084,1218,0.519999980926514,0.519409790522801
21.67028,1219,0.519999980926514,0.519409790522801
21.68084,1220,0.519999980926514,0.519409790522801
21.68919,1221,0.519999980926514,0.519409790522801
21.69936,1222,0.519999980926514,0.519409790522801
21.70968,1223,0.519999980926514,0.519409790522801
21.71845,1224,0.519999980926514,0.520015869624927
21.72718,1225,0.519999980926514,0.519409790522801
21.73577,1226,0.519999980926514,0.519409790522801
21.74438,1227,0.519999980926514,0.519409790522801
21.75332,1228,0.519999980926514,0.519409790522801
21.76185,1229,0.519999980926514,0.519409790522801
21.77081,1230,0.519999980926514,0.519409790522801
21.77939,1231,0.519999980926514,0.519409790522801
21.79002,1232,0.519999980926514,0.519409790522801
21.79966,1233,0.519999980926514,0.519409790522801
21.8083,1234,0.519999980926514,0.519409790522801
21.81693,1235,0.519999980926514,0.519409790522801
21.82577,1236,0.519999980926514,0.519409790522801
21.83479,1237,0.519999980926514,0.519409790522801
21.84339,1238,0.519999980926514,0.519409790522801
21.85377,1239,0.519999980926514,0.519409790522801
21.86209,1240,0.519999980926514,0.519409790522801
21.87109,1241,0.519999980926514,0.519409790522801
21.88183,1242,0.519999980926514,0.519409790522801
21.89076,1243,0.519999980926514,0.519409790522801
21.89956,1244,0.519999980926514,0.519409790522801
21.90876,1245,0.519999980926514,0.519409790522801
21.91737,1246,0.519999980926514,0.519409790522801
21.92595,1247,0.519999980926514,0.519409790522801
21.93483,1248,0.519999980926514,0.518803711420674
21.94317,1249,0.519999980926514,0.519409790522801
21.95233,1250,0.519999980926514,0.519409790522801
21.96298,1251,0.519999980926514,0.519409790522801
21.97232,1252,0.519999980926514,0.519409790522801
21.98071,1253,0.519999980926514,0.519409790522801
21.98956,1254,0.519999980926514,0.519409790522801
21.99798,1255,0.519999980926514,0.519409790522801
22.00693,1256,0.519999980926514,0.519409790522801
22.01564,1257,0.519999980926514,0.518803711420674
22.02585,1258,0.519999980926514,0.518803711420674
22.035,1259,0.519999980926514,0.518803711420674
22.04323,1260,0.519999980926514,0.518803711420674
22.05219,1261,0.519999980926514,0.518803711420674
22.06047,1262,0.519999980926514,0.519409790522801
22.07056,1263,0.519999980926514,0.518803711420674
22.07981,1264,0.519999980926514,0.518803711420674
22.08889,1265,0.519999980926514,0.518803711420674
22.09741,1266,0.519999980926514,0.518803711420674
22.10756,1267,0.519999980926514,0.518803711420674
22.11662,1268,0.519999980926514,0.518803711420674
22.12765,1269,0.519999980926514,0.518803711420674
22.14179,1270,0.519999980926514,0.518803711420674
22.15247,1271,0.519999980926514,0.518803711420674
22.16113,1272,0.519999980926514,0.518803711420674
22.17072,1273,0.519999980926514,0.519409790522801
22.1802,1274,0.519999980926514,0.518803711420674
22.18966,1275,0.519999980926514,0.518803711420674
22.19939,1276,0.519999980926514,0.518803711420674
22.20861,1277,0.519999980926514,0.518803711420674
22.21752,1278,0.519999980926514,0.518803711420674
22.22645,1279,0.519999980926514,0.518803711420674
22.23651,1280,0.519999980926514,0.518803711420674
22.24729,1281,0.519999980926514,0.518803711420674
22.25687,1282,0.519999980926514,0.518803711420674
22.26581,1283,0.519999980926514,0.518803711420674
22.2747,1284,0.519999980926514,0.518803711420674
22.28372,1285,0.519999980926514,0.518803711420674
22.29502,1286,0.519999980926514,0.518803711420674
22.3035,1287,0.519999980926514,0.518803711420674
22.31226,1288,0.519999980926514,0.518803711420674
22.32162,1289,0.519999980926514,0.518803711420674
22.33047,1290,0.519999980926514,0.518803711420674
22.33942,1291,0.519999980926514,0.518803711420674
22.34834,1292,0.519999980926514,0.518803711420674
22.35705,1293,0.519999980926514,0.518803711420674
22.36625,1294,0.519999980926514,0.518803711420674
22.37572,1295,0.519999980926514,0.518803711420674
22.38496,1296,0.519999980926514,0.518803711420674
22.3939,1297,0.519999980926514,0.518803711420674
22.40385,1298,0.519999980926514,0.518803711420674
22.41234,1299,0.519999980926514,0.518803711420674
22.42227,1300,0.519999980926514,0.518803711420674
22.43099,1301,0.519999980926514,0.518197632318547
22.44026,1302,0.519999980926514,0.518197632318547
22.44902,1303,0.519999980926514,0.518803711420674
22.4584,1304,0.519999980926514,0.518803711420674
22.46686,1305,0.519999980926514,0.518803711420674
22.47698,1306,0.519999980926514,0.518197632318547
22.48721,1307,0.519999980926514,0.518197632318547
22.49675,1308,0.519999980926514,0.518197632318547
22.50626,1309,0.519999980926514,0.518197632318547
22.51529,1310,0.519999980926514,0.518803711420674
22.52453,1311,0.519999980926514,0.518197632318547
22.53415,1312,0.519999980926514,0.518197632318547
22.54296,1313,0.519999980926514,0.518197632318547
22.5524,1314,0.519999980926514,0.518197632318547
22.56137,1315,0.519999980926514,0.518197632318547
22.57335,1316,0.519999980926514,0.518197632318547
22.58172,1317,0.519999980926514,0.518197632318547
22.59115,1318,0.519999980926514,0.518197632318547
22.60142,1319,0.519999980926514,0.518197632318547
22.60983,1320,0.519999980926514,0.518197632318547
22.61915,1321,0.519999980926514,0.518197632318547
22.62927,1322,0.519999980926514,0.518197632318547
22.63943,1323,0.519999980926514,0.51759155321642
22.64822,1324,0.519999980926514,0.518197632318547
22.65703,1325,0.519999980926514,0.518197632318547
22.66538,1326,0.519999980926514,0.518197632318547
22.6743,1327,0.519999980926514,0.518197632318547
22.68542,1328,0.519999980926514,0.518197632318547
22.69462,1329,0.519999980926514,0.518197632318547
22.70375,1330,0.519999980926514,0.518197632318547
22.71242,1331,0.519999980926514,0.518197632318547
22.72129,1332,0.519999980926514,0.518197632318547
22.72994,1333,0.519999980926514,0.518197632318547
22.74011,1334,0.519999980926514,0.51759155321642
22.74997,1335,0.519999980926514,0.51759155321642
22.7588,1336,0.519999980926514,0.518197632318547
22.76759,1337,0.519999980926514,0.518197632318547
22.77609,1338,0.519999980926514,0.518197632318547
22.78491,1339,0.519999980926514,0.51759155321642
22.79459,1340,0.519999980926514,0.51759155321642
22.80481,1341,0.519999980926514,0.518197632318547
22.81495,1342,0.519999980926514,0.518197632318547
22.82373,1343,0.519999980926514,0.518197632318547
22.83208,1344,0.519999980926514,0.518197632318547
22.84084,1345,0.519999980926514,0.518197632318547
22.8518,1346,0.519999980926514,0.518197632318547
22.86059,1347,0.519999980926514,0.518197632318547
22.87088,1348,0.519999980926514,0.51759155321642
22.88315,1349,0.519999980926514,0.518197632318547
22.89167,1350,0.519999980926514,0.518197632318547
22.90021,1351,0.519999980926514,0.518197632318547
22.91086,1352,0.519999980926514,0.518197632318547
22.92099,1353,0.519999980926514,0.518197632318547
22.92944,1354,0.519999980926514,0.51759155321642
22.93826,1355,0.519999980926514,0.518197632318547
22.94674,1356,0.519999980926514,0.518197632318547
22.95687,1357,0.519999980926514,0.518197632318547
