Time [s] , Frame nr,Sent pressure 0,Received pressure 0
1.763844,0,0.519999980926514,0.505469971173881
1.766722,1,0.519999980926514,0.505469971173881
2.2233,2,0.519999980926514,0.505469971173881
2.241117,3,0.519999980926514,0.510924683093023
2.249568,4,0.519999980926514,0.512742920399404
2.259339,5,0.519999980926514,0.513348999501531
2.269907,6,0.519999980926514,0.514561157705785
2.278729,7,0.519999980926514,0.514561157705785
2.287559,8,0.519999980926514,0.514561157705785
2.296115,9,0.519999980926514,0.514561157705785
2.306087,10,0.519999980926514,0.515167236807912
2.314935,11,0.519999980926514,0.515167236807912
2.323725,12,0.519999980926514,0.516985474114293
2.332252,13,0.519999980926514,0.51759155321642
2.341702,14,0.519999980926514,0.518197632318547
2.351915,15,0.519999980926514,0.518197632318547
2.360514,16,0.519999980926514,0.518197632318547
2.36962,17,0.519999980926514,0.518197632318547
2.378303,18,0.519999980926514,0.518197632318547
2.386981,19,0.519999980926514,0.518197632318547
2.395418,20,0.519999980926514,0.518197632318547
2.40598,21,0.519999980926514,0.518197632318547
2.414286,22,0.519999980926514,0.518803711420674
2.423927,23,0.519999980926514,0.518803711420674
2.434429,24,0.519999980926514,0.518803711420674
2.444899,25,0.519999980926514,0.518197632318547
2.453632,26,0.519999980926514,0.518803711420674
2.462058,27,0.519999980926514,0.518803711420674
2.47252,28,0.519999980926514,0.518803711420674
2.481806,29,0.519999980926514,0.518803711420674
2.492275,30,0.519999980926514,0.518803711420674
2.501105,31,0.519999980926514,0.518803711420674
2.510891,32,0.519999980926514,0.518803711420674
2.519262,33,0.519999980926514,0.518803711420674
2.527926,34,0.519999980926514,0.518803711420674
2.538046,35,0.519999980926514,0.518197632318547
2.547533,36,0.519999980926514,0.518803711420674
2.556628,37,0.519999980926514,0.518803711420674
2.565229,38,0.519999980926514,0.518803711420674
2.573603,39,0.519999980926514,0.518197632318547
2.58354,40,0.519999980926514,0.518803711420674
2.592759,41,0.519999980926514,0.518803711420674
2.603638,42,0.519999980926514,0.518803711420674
2.613513,43,0.519999980926514,0.518197632318547
2.623761,44,0.519999980926514,0.518803711420674
2.635134,45,0.519999980926514,0.518803711420674
2.644043,46,0.519999980926514,0.518803711420674
2.653032,47,0.519999980926514,0.518803711420674
2.662762,48,0.519999980926514,0.518197632318547
2.671088,49,0.519999980926514,0.518197632318547
2.679602,50,0.519999980926514,0.518803711420674
2.692676,51,0.519999980926514,0.518803711420674
2.702187,52,0.519999980926514,0.518197632318547
2.713022,53,0.519999980926514,0.518197632318547
2.721745,54,0.519999980926514,0.518803711420674
2.731778,55,0.519999980926514,0.518803711420674
2.741827,56,0.519999980926514,0.518803711420674
2.750992,57,0.519999980926514,0.518197632318547
2.761315,58,0.519999980926514,0.518803711420674
2.771295,59,0.519999980926514,0.518197632318547
2.780427,60,0.519999980926514,0.518197632318547
2.789851,61,0.519999980926514,0.518197632318547
2.799844,62,0.519999980926514,0.518803711420674
2.809863,63,0.519999980926514,0.518197632318547
2.819351,64,0.519999980926514,0.518197632318547
2.82884,65,0.519999980926514,0.518197632318547
2.837748,66,0.519999980926514,0.518197632318547
2.847403,67,0.519999980926514,0.518197632318547
2.857522,68,0.519999980926514,0.518197632318547
2.8677,69,0.519999980926514,0.518197632318547
2.877102,70,0.519999980926514,0.518197632318547
2.88696,71,0.519999980926514,0.518197632318547
2.895329,72,0.519999980926514,0.518197632318547
2.904632,73,0.519999980926514,0.518197632318547
2.913351,74,0.519999980926514,0.518197632318547
2.921682,75,0.519999980926514,0.51759155321642
2.930364,76,0.519999980926514,0.51759155321642
2.93956,77,0.519999980926514,0.518197632318547
2.947936,78,0.519999980926514,0.518197632318547
2.957227,79,0.519999980926514,0.518197632318547
2.965549,80,0.519999980926514,0.518197632318547
2.974015,81,0.519999980926514,0.518197632318547
2.982439,82,0.519999980926514,0.518197632318547
2.991731,83,0.519999980926514,0.518197632318547
3.002156,84,0.519999980926514,0.518197632318547
3.011295,85,0.519999980926514,0.518197632318547
3.019872,86,0.519999980926514,0.518197632318547
3.029971,87,0.519999980926514,0.518197632318547
3.038344,88,0.519999980926514,0.51759155321642
3.047695,89,0.519999980926514,0.51759155321642
3.059273,90,0.519999980926514,0.518197632318547
3.067662,91,0.519999980926514,0.518197632318547
3.077912,92,0.519999980926514,0.518197632318547
3.087431,93,0.519999980926514,0.518197632318547
3.096003,94,0.519999980926514,0.518197632318547
3.105023,95,0.519999980926514,0.518197632318547
3.115575,96,0.519999980926514,0.518197632318547
3.125154,97,0.519999980926514,0.518197632318547
3.134145,98,0.519999980926514,0.518197632318547
3.142865,99,0.519999980926514,0.51759155321642
3.153228,100,0.519999980926514,0.518197632318547
3.163576,101,0.519999980926514,0.51759155321642
3.173868,102,0.519999980926514,0.518197632318547
3.183307,103,0.519999980926514,0.518197632318547
3.19209,104,0.519999980926514,0.51759155321642
3.202404,105,0.519999980926514,0.518197632318547
3.212511,106,0.519999980926514,0.518197632318547
3.222702,107,0.519999980926514,0.518197632318547
3.231918,108,0.519999980926514,0.518197632318547
3.241293,109,0.519999980926514,0.518197632318547
3.249816,110,0.519999980926514,0.518197632318547
3.260568,111,0.519999980926514,0.518197632318547
3.269269,112,0.519999980926514,0.518197632318547
3.279344,113,0.519999980926514,0.51759155321642
3.288729,114,0.519999980926514,0.518197632318547
3.297052,115,0.519999980926514,0.51759155321642
3.306837,116,0.519999980926514,0.518197632318547
3.315714,117,0.519999980926514,0.518197632318547
3.325315,118,0.519999980926514,0.518197632318547
3.335572,119,0.519999980926514,0.518197632318547
3.346143,120,0.519999980926514,0.518197632318547
3.355196,121,0.519999980926514,0.518197632318547
3.363956,122,0.519999980926514,0.518197632318547
3.372993,123,0.519999980926514,0.518197632318547
3.383205,124,0.519999980926514,0.518197632318547
3.392206,125,0.519999980926514,0.518197632318547
3.401338,126,0.519999980926514,0.51759155321642
3.410897,127,0.519999980926514,0.51759155321642
3.421027,128,0.519999980926514,0.518197632318547
3.434007,129,0.519999980926514,0.51759155321642
3.443071,130,0.519999980926514,0.518197632318547
3.454566,131,0.519999980926514,0.51759155321642
3.464613,132,0.519999980926514,0.51759155321642
3.474926,133,0.519999980926514,0.51759155321642
3.485081,134,0.519999980926514,0.51759155321642
3.493452,135,0.519999980926514,0.518197632318547
3.502058,136,0.519999980926514,0.51759155321642
3.512272,137,0.519999980926514,0.51759155321642
3.521289,138,0.519999980926514,0.51759155321642
3.53053,139,0.519999980926514,0.518197632318547
3.541039,140,0.519999980926514,0.51759155321642
3.549397,141,0.519999980926514,0.518197632318547
3.558898,142,0.519999980926514,0.518197632318547
3.568985,143,0.519999980926514,0.51759155321642
3.578797,144,0.519999980926514,0.518197632318547
3.587602,145,0.519999980926514,0.518197632318547
3.59771,146,0.519999980926514,0.518197632318547
3.608145,147,0.519999980926514,0.518197632318547
3.618358,148,0.519999980926514,0.51759155321642
3.627126,149,0.519999980926514,0.518197632318547
3.636424,150,0.519999980926514,0.518197632318547
3.645387,151,0.519999980926514,0.518197632318547
3.65388,152,0.519999980926514,0.518197632318547
3.662636,153,0.519999980926514,0.518197632318547
3.671108,154,0.519999980926514,0.518197632318547
3.681664,155,0.519999980926514,0.518197632318547
3.692153,156,0.519999980926514,0.518197632318547
3.700455,157,0.519999980926514,0.51759155321642
3.708991,158,0.519999980926514,0.518197632318547
3.719351,159,0.519999980926514,0.518197632318547
3.729725,160,0.519999980926514,0.518197632318547
3.739567,161,0.519999980926514,0.518197632318547
3.749627,162,0.519999980926514,0.51759155321642
3.760451,163,0.519999980926514,0.51759155321642
3.768998,164,0.519999980926514,0.51759155321642
3.777987,165,0.519999980926514,0.518197632318547
3.788337,166,0.519999980926514,0.518197632318547
3.798101,167,0.519999980926514,0.518197632318547
3.808156,168,0.519999980926514,0.51759155321642
3.816516,169,0.519999980926514,0.518197632318547
3.825982,170,0.519999980926514,0.518197632318547
3.836853,171,0.519999980926514,0.518197632318547
3.846613,172,0.519999980926514,0.518197632318547
3.855658,173,0.519999980926514,0.518197632318547
3.864836,174,0.519999980926514,0.518197632318547
3.875878,175,0.519999980926514,0.518197632318547
3.88529,176,0.519999980926514,0.518197632318547
3.893994,177,0.519999980926514,0.518197632318547
3.902906,178,0.519999980926514,0.518197632318547
3.913535,179,0.519999980926514,0.518197632318547
3.921933,180,0.519999980926514,0.51759155321642
3.930349,181,0.519999980926514,0.518197632318547
3.938959,182,0.519999980926514,0.518197632318547
3.948715,183,0.519999980926514,0.518197632318547
3.957168,184,0.519999980926514,0.518197632318547
3.967121,185,0.519999980926514,0.518197632318547
3.977156,186,0.519999980926514,0.518197632318547
3.985582,187,0.519999980926514,0.518197632318547
3.993947,188,0.519999980926514,0.518197632318547
4.004488,189,0.519999980926514,0.51759155321642
4.015043,190,0.519999980926514,0.518197632318547
4.025269,191,0.519999980926514,0.518197632318547
4.035391,192,0.519999980926514,0.518197632318547
4.043882,193,0.519999980926514,0.518197632318547
4.05227,194,0.519999980926514,0.518197632318547
4.062818,195,0.519999980926514,0.518197632318547
4.072268,196,0.519999980926514,0.518197632318547
4.081495,197,0.519999980926514,0.518197632318547
4.090878,198,0.519999980926514,0.518197632318547
4.10033,199,0.519999980926514,0.518197632318547
4.110312,200,0.519999980926514,0.518197632318547
4.11936,201,0.519999980926514,0.518197632318547
4.128906,202,0.519999980926514,0.51759155321642
4.137626,203,0.519999980926514,0.51759155321642
4.147726,204,0.519999980926514,0.518197632318547
4.156105,205,0.519999980926514,0.518197632318547
4.166072,206,0.519999980926514,0.518197632318547
4.175452,207,0.519999980926514,0.518197632318547
4.184831,208,0.519999980926514,0.518197632318547
4.195363,209,0.519999980926514,0.518197632318547
4.205813,210,0.519999980926514,0.518197632318547
4.215051,211,0.519999980926514,0.518197632318547
4.223605,212,0.519999980926514,0.518197632318547
4.232551,213,0.519999980926514,0.518197632318547
4.241611,214,0.519999980926514,0.518197632318547
4.25177,215,0.519999980926514,0.518197632318547
4.261955,216,0.519999980926514,0.518197632318547
4.271317,217,0.519999980926514,0.518197632318547
4.281605,218,0.519999980926514,0.518197632318547
4.292253,219,0.519999980926514,0.518197632318547
4.301335,220,0.519999980926514,0.518197632318547
4.311255,221,0.519999980926514,0.518197632318547
4.319925,222,0.519999980926514,0.518197632318547
4.328325,223,0.519999980926514,0.518197632318547
4.33747,224,0.519999980926514,0.518197632318547
4.346447,225,0.519999980926514,0.518197632318547
4.356783,226,0.519999980926514,0.518197632318547
4.366754,227,0.519999980926514,0.518197632318547
4.37505,228,0.519999980926514,0.518197632318547
4.385235,229,0.519999980926514,0.518197632318547
4.395433,230,0.519999980926514,0.51759155321642
4.406747,231,0.519999980926514,0.518197632318547
4.417631,232,0.519999980926514,0.518197632318547
4.42768,233,0.519999980926514,0.518197632318547
4.438092,234,0.519999980926514,0.518197632318547
4.448344,235,0.519999980926514,0.518197632318547
4.459199,236,0.519999980926514,0.518197632318547
4.469752,237,0.519999980926514,0.518197632318547
4.478103,238,0.519999980926514,0.518197632318547
4.486508,239,0.519999980926514,0.518197632318547
4.495127,240,0.519999980926514,0.518197632318547
4.503572,241,0.519999980926514,0.518197632318547
4.512187,242,0.519999980926514,0.518197632318547
4.521529,243,0.519999980926514,0.518197632318547
4.529922,244,0.519999980926514,0.518197632318547
4.539176,245,0.519999980926514,0.518197632318547
4.549136,246,0.519999980926514,0.518197632318547
4.557532,247,0.519999980926514,0.518197632318547
4.56611,248,0.519999980926514,0.518197632318547
4.5749,249,0.519999980926514,0.518197632318547
4.585304,250,0.519999980926514,0.518197632318547
4.595397,251,0.519999980926514,0.518197632318547
4.605536,252,0.519999980926514,0.518197632318547
4.613918,253,0.519999980926514,0.518197632318547
4.624573,254,0.519999980926514,0.518197632318547
4.633279,255,0.519999980926514,0.518197632318547
4.643137,256,0.519999980926514,0.518197632318547
4.652093,257,0.519999980926514,0.51759155321642
4.662446,258,0.519999980926514,0.518197632318547
4.672507,259,0.519999980926514,0.518197632318547
4.680866,260,0.519999980926514,0.518197632318547
4.689869,261,0.519999980926514,0.518197632318547
4.699485,262,0.519999980926514,0.518197632318547
4.709279,263,0.519999980926514,0.518197632318547
4.718153,264,0.519999980926514,0.518197632318547
4.726567,265,0.519999980926514,0.518197632318547
4.735685,266,0.519999980926514,0.51759155321642
4.745855,267,0.519999980926514,0.51759155321642
4.756186,268,0.519999980926514,0.518197632318547
4.767002,269,0.519999980926514,0.518197632318547
4.776925,270,0.519999980926514,0.518197632318547
4.787073,271,0.519999980926514,0.51759155321642
4.795866,272,0.519999980926514,0.51759155321642
4.805956,273,0.519999980926514,0.518197632318547
4.815746,274,0.519999980926514,0.518197632318547
4.824613,275,0.519999980926514,0.51759155321642
4.83328,276,0.519999980926514,0.51759155321642
4.843484,277,0.519999980926514,0.518197632318547
4.853652,278,0.519999980926514,0.51759155321642
4.863162,279,0.519999980926514,0.518197632318547
4.872006,280,0.519999980926514,0.51759155321642
4.881705,281,0.519999980926514,0.51759155321642
4.891988,282,0.519999980926514,0.51759155321642
4.90154,283,0.519999980926514,0.51759155321642
4.912334,284,0.519999980926514,0.518197632318547
4.921453,285,0.519999980926514,0.518197632318547
4.930172,286,0.519999980926514,0.51759155321642
4.939491,287,0.519999980926514,0.518197632318547
4.948647,288,0.519999980926514,0.51759155321642
4.957799,289,0.519999980926514,0.518197632318547
4.968066,290,0.519999980926514,0.51759155321642
4.978561,291,0.519999980926514,0.51759155321642
4.988679,292,0.519999980926514,0.518197632318547
4.998978,293,0.519999980926514,0.51759155321642
5.009419,294,0.519999980926514,0.51759155321642
5.019588,295,0.519999980926514,0.51759155321642
5.029853,296,0.519999980926514,0.51759155321642
5.039288,297,0.519999980926514,0.51759155321642
5.048958,298,0.519999980926514,0.51759155321642
5.058776,299,0.519999980926514,0.51759155321642
5.067096,300,0.519999980926514,0.51759155321642
5.076737,301,0.519999980926514,0.51759155321642
5.085619,302,0.519999980926514,0.51759155321642
5.096421,303,0.519999980926514,0.51759155321642
5.105504,304,0.519999980926514,0.51759155321642
5.116109,305,0.519999980926514,0.51759155321642
5.126372,306,0.519999980926514,0.51759155321642
5.134909,307,0.519999980926514,0.51759155321642
5.143445,308,0.519999980926514,0.51759155321642
5.15352,309,0.519999980926514,0.51759155321642
5.16271,310,0.519999980926514,0.51759155321642
5.171605,311,0.519999980926514,0.51759155321642
5.180811,312,0.519999980926514,0.51759155321642
5.190957,313,0.519999980926514,0.51759155321642
5.200346,314,0.519999980926514,0.51759155321642
5.210714,315,0.519999980926514,0.51759155321642
5.220011,316,0.519999980926514,0.51759155321642
5.230303,317,0.519999980926514,0.51759155321642
5.239347,318,0.519999980926514,0.51759155321642
5.248026,319,0.519999980926514,0.51759155321642
5.258812,320,0.519999980926514,0.51759155321642
5.268211,321,0.519999980926514,0.51759155321642
5.277546,322,0.519999980926514,0.51759155321642
5.287625,323,0.519999980926514,0.51759155321642
5.297838,324,0.519999980926514,0.51759155321642
5.307997,325,0.519999980926514,0.51759155321642
5.316941,326,0.519999980926514,0.51759155321642
5.325526,327,0.519999980926514,0.51759155321642
5.335328,328,0.519999980926514,0.51759155321642
5.345665,329,0.519999980926514,0.51759155321642
5.355721,330,0.519999980926514,0.51759155321642
5.364347,331,0.519999980926514,0.51759155321642
5.37514,332,0.519999980926514,0.51759155321642
5.384413,333,0.519999980926514,0.51759155321642
5.392761,334,0.519999980926514,0.51759155321642
5.402863,335,0.519999980926514,0.51759155321642
5.413033,336,0.519999980926514,0.51759155321642
5.423096,337,0.519999980926514,0.51759155321642
5.433585,338,0.519999980926514,0.51759155321642
5.442601,339,0.519999980926514,0.51759155321642
5.452658,340,0.519999980926514,0.51759155321642
5.462821,341,0.519999980926514,0.51759155321642
5.472966,342,0.519999980926514,0.51759155321642
5.483868,343,0.519999980926514,0.51759155321642
5.493495,344,0.519999980926514,0.51759155321642
5.502871,345,0.519999980926514,0.51759155321642
5.512932,346,0.519999980926514,0.51759155321642
5.521323,347,0.519999980926514,0.51759155321642
5.530154,348,0.519999980926514,0.51759155321642
5.540048,349,0.519999980926514,0.51759155321642
5.549656,350,0.519999980926514,0.51759155321642
5.55871,351,0.519999980926514,0.51759155321642
5.567052,352,0.519999980926514,0.51759155321642
5.575423,353,0.519999980926514,0.51759155321642
5.583875,354,0.519999980926514,0.51759155321642
5.592446,355,0.519999980926514,0.51759155321642
5.600819,356,0.519999980926514,0.51759155321642
5.614268,357,0.519999980926514,0.51759155321642
5.623868,358,0.519999980926514,0.518197632318547
5.63372,359,0.519999980926514,0.51759155321642
5.642819,360,0.519999980926514,0.518197632318547
5.653052,361,0.519999980926514,0.518197632318547
5.662938,362,0.519999980926514,0.51759155321642
5.671891,363,0.519999980926514,0.518197632318547
5.682078,364,0.519999980926514,0.51759155321642
5.692949,365,0.519999980926514,0.518197632318547
5.70122,366,0.519999980926514,0.51759155321642
5.710155,367,0.519999980926514,0.51759155321642
5.718569,368,0.519999980926514,0.51759155321642
5.728135,369,0.519999980926514,0.51759155321642
5.736574,370,0.519999980926514,0.518197632318547
5.745203,371,0.519999980926514,0.51759155321642
5.754053,372,0.519999980926514,0.51759155321642
5.763825,373,0.519999980926514,0.51759155321642
5.774385,374,0.519999980926514,0.51759155321642
5.784213,375,0.519999980926514,0.518197632318547
5.794357,376,0.519999980926514,0.518197632318547
5.8027,377,0.519999980926514,0.51759155321642
5.812868,378,0.519999980926514,0.518197632318547
5.822379,379,0.519999980926514,0.518197632318547
5.832535,380,0.519999980926514,0.518197632318547
5.842916,381,0.519999980926514,0.518197632318547
5.851944,382,0.519999980926514,0.518197632318547
5.8621,383,0.519999980926514,0.518197632318547
5.87221,384,0.519999980926514,0.518197632318547
5.882316,385,0.519999980926514,0.518197632318547
5.891035,386,0.519999980926514,0.518197632318547
5.900278,387,0.519999980926514,0.518197632318547
5.911484,388,0.519999980926514,0.51759155321642
5.920579,389,0.519999980926514,0.518197632318547
5.929416,390,0.519999980926514,0.518197632318547
5.938222,391,0.519999980926514,0.518197632318547
5.947795,392,0.519999980926514,0.518197632318547
5.956242,393,0.519999980926514,0.518197632318547
5.964678,394,0.519999980926514,0.518197632318547
5.974019,395,0.519999980926514,0.518197632318547
5.983795,396,0.519999980926514,0.518197632318547
5.994011,397,0.519999980926514,0.518197632318547
6.004027,398,0.519999980926514,0.518197632318547
6.012415,399,0.519999980926514,0.518197632318547
6.023584,400,0.519999980926514,0.518197632318547
6.033843,401,0.519999980926514,0.518197632318547
6.043229,402,0.519999980926514,0.518197632318547
6.052828,403,0.519999980926514,0.518197632318547
6.062738,404,0.519999980926514,0.518197632318547
6.072789,405,0.519999980926514,0.518197632318547
6.081609,406,0.519999980926514,0.518197632318547
6.091819,407,0.519999980926514,0.518197632318547
6.102243,408,0.519999980926514,0.518197632318547
6.111187,409,0.519999980926514,0.518197632318547
6.120255,410,0.519999980926514,0.518197632318547
6.128603,411,0.519999980926514,0.518197632318547
6.137125,412,0.519999980926514,0.518197632318547
6.145871,413,0.519999980926514,0.518197632318547
6.155465,414,0.519999980926514,0.518197632318547
6.165161,415,0.519999980926514,0.518197632318547
6.176305,416,0.519999980926514,0.518197632318547
6.185109,417,0.519999980926514,0.518197632318547
6.195548,418,0.519999980926514,0.518197632318547
6.206738,419,0.519999980926514,0.518197632318547
6.217256,420,0.519999980926514,0.518197632318547
6.227082,421,0.519999980926514,0.518197632318547
6.237196,422,0.519999980926514,0.518197632318547
6.247504,423,0.519999980926514,0.518197632318547
6.256212,424,0.519999980926514,0.518197632318547
6.267545,425,0.519999980926514,0.518197632318547
6.277582,426,0.519999980926514,0.518197632318547
6.287905,427,0.519999980926514,0.51759155321642
6.29669,428,0.519999980926514,0.518197632318547
6.305125,429,0.519999980926514,0.518197632318547
6.314725,430,0.519999980926514,0.518197632318547
6.325884,431,0.519999980926514,0.518197632318547
6.334396,432,0.519999980926514,0.518197632318547
6.349041,433,0.519999980926514,0.518197632318547
6.357625,434,0.519999980926514,0.518197632318547
6.367306,435,0.519999980926514,0.518197632318547
6.376247,436,0.519999980926514,0.518197632318547
6.386284,437,0.519999980926514,0.518197632318547
6.395642,438,0.519999980926514,0.518197632318547
6.404146,439,0.519999980926514,0.518197632318547
6.414226,440,0.519999980926514,0.518197632318547
6.42269,441,0.519999980926514,0.518197632318547
6.431619,442,0.519999980926514,0.518197632318547
6.439959,443,0.519999980926514,0.518197632318547
6.449413,444,0.519999980926514,0.518197632318547
6.457768,445,0.519999980926514,0.518197632318547
6.468113,446,0.519999980926514,0.518197632318547
6.476713,447,0.519999980926514,0.518197632318547
6.486888,448,0.519999980926514,0.518197632318547
6.495625,449,0.519999980926514,0.518197632318547
6.504112,450,0.519999980926514,0.518197632318547
6.514067,451,0.519999980926514,0.518197632318547
6.523125,452,0.519999980926514,0.518197632318547
6.53205,453,0.519999980926514,0.518197632318547
6.541054,454,0.519999980926514,0.518197632318547
6.551747,455,0.519999980926514,0.518197632318547
6.560127,456,0.519999980926514,0.518197632318547
6.569059,457,0.519999980926514,0.518197632318547
6.578498,458,0.519999980926514,0.518197632318547
6.588717,459,0.519999980926514,0.518197632318547
6.59899,460,0.519999980926514,0.518197632318547
6.609591,461,0.519999980926514,0.518197632318547
6.61868,462,0.519999980926514,0.518197632318547
6.628273,463,0.519999980926514,0.518197632318547
6.638438,464,0.519999980926514,0.518197632318547
6.648536,465,0.519999980926514,0.518197632318547
6.658707,466,0.519999980926514,0.518197632318547
6.667619,467,0.519999980926514,0.518197632318547
6.67711,468,0.519999980926514,0.518197632318547
6.685508,469,0.519999980926514,0.518197632318547
6.694361,470,0.519999980926514,0.518197632318547
6.70446,471,0.519999980926514,0.518197632318547
6.712804,472,0.519999980926514,0.518197632318547
6.723801,473,0.519999980926514,0.518197632318547
6.733248,474,0.519999980926514,0.518197632318547
6.741697,475,0.625,0.518197632318547
6.75146,476,0.625,0.518197632318547
6.76013,477,0.625,0.518197632318547
6.768566,478,0.625,0.523046265135562
6.777721,479,0.625,0.564259644080195
6.786775,480,0.625,0.564259644080195
6.796692,481,0.625,0.600018311105686
6.80514,482,0.625,0.616382446863114
6.813642,483,0.625,0.620018921475875
6.823945,484,0.625,0.623655396088637
6.834086,485,0.625,0.626079712497145
6.843181,486,0.625,0.626079712497145
6.853417,487,0.625,0.627897949803526
6.861834,488,0.625,0.627291870701399
6.871996,489,0.625,0.627291870701399
6.880398,490,0.625,0.626685791599272
6.88878,491,0.625,0.626079712497145
6.897669,492,0.625,0.626079712497145
6.906916,493,0.625,0.626079712497145
6.916676,494,0.625,0.624867554292891
6.924922,495,0.625,0.624261475190764
6.933821,496,0.625,0.624261475190764
6.943579,497,0.625,0.624261475190764
6.95258,498,0.625,0.624261475190764
6.961888,499,0.625,0.62304931698651
6.970607,500,0.625,0.62304931698651
6.978946,501,0.625,0.622443237884383
6.987582,502,0.625,0.622443237884383
6.998029,503,0.625,0.622443237884383
7.007379,504,0.625,0.622443237884383
7.015764,505,0.625,0.622443237884383
7.024294,506,0.625,0.62304931698651
7.034506,507,0.625,0.62304931698651
7.044696,508,0.625,0.62304931698651
7.053163,509,0.625,0.62304931698651
7.062113,510,0.625,0.62304931698651
7.071764,511,0.625,0.623655396088637
7.081923,512,0.625,0.623655396088637
7.090345,513,0.625,0.623655396088637
7.099512,514,0.625,0.623655396088637
7.110079,515,0.625,0.623655396088637
7.118918,516,0.625,0.623655396088637
7.127629,517,0.625,0.623655396088637
7.135955,518,0.625,0.624261475190764
7.146253,519,0.625,0.623655396088637
7.156426,520,0.625,0.624261475190764
7.167897,521,0.625,0.623655396088637
7.178301,522,0.625,0.623655396088637
7.186653,523,0.625,0.623655396088637
7.195574,524,0.625,0.624261475190764
7.204987,525,0.625,0.624261475190764
7.213392,526,0.625,0.623655396088637
7.224562,527,0.625,0.624261475190764
7.234678,528,0.625,0.624261475190764
7.243222,529,0.625,0.624261475190764
7.253452,530,0.625,0.623655396088637
7.262857,531,0.625,0.623655396088637
7.271155,532,0.625,0.624261475190764
7.281518,533,0.625,0.624261475190764
7.290954,534,0.625,0.623655396088637
7.300319,535,0.625,0.624261475190764
7.30909,536,0.625,0.624261475190764
7.317778,537,0.625,0.623655396088637
7.328047,538,0.625,0.624261475190764
7.336757,539,0.625,0.623655396088637
7.345737,540,0.625,0.623655396088637
7.354239,541,0.625,0.623655396088637
7.363173,542,0.625,0.624261475190764
7.371788,543,0.625,0.624261475190764
7.380414,544,0.625,0.624261475190764
7.388938,545,0.625,0.624261475190764
7.39878,546,0.625,0.624261475190764
7.407194,547,0.625,0.624261475190764
7.417409,548,0.625,0.623655396088637
7.426592,549,0.625,0.624261475190764
7.43667,550,0.625,0.623655396088637
7.446748,551,0.625,0.623655396088637
7.457132,552,0.625,0.624261475190764
7.467037,553,0.625,0.624261475190764
7.477354,554,0.625,0.624261475190764
7.487403,555,0.625,0.624261475190764
7.496236,556,0.625,0.624261475190764
7.507432,557,0.625,0.623655396088637
7.516723,558,0.625,0.624261475190764
7.526877,559,0.625,0.624261475190764
7.536939,560,0.625,0.624261475190764
7.545738,561,0.625,0.624261475190764
7.555825,562,0.625,0.624261475190764
7.566439,563,0.625,0.624261475190764
7.575677,564,0.625,0.624261475190764
7.585859,565,0.625,0.624261475190764
7.59532,566,0.625,0.624261475190764
7.603853,567,0.625,0.624261475190764
7.61426,568,0.625,0.624261475190764
7.624895,569,0.625,0.624261475190764
7.634751,570,0.625,0.624261475190764
7.644035,571,0.625,0.623655396088637
7.654136,572,0.625,0.623655396088637
7.664261,573,0.625,0.624261475190764
7.674463,574,0.625,0.624261475190764
7.684665,575,0.625,0.623655396088637
7.692995,576,0.625,0.624261475190764
7.70246,577,0.625,0.624261475190764
7.71089,578,0.625,0.623655396088637
7.719289,579,0.625,0.624261475190764
7.729455,580,0.625,0.624261475190764
7.737914,581,0.625,0.623655396088637
7.746539,582,0.625,0.623655396088637
7.755108,583,0.625,0.624261475190764
7.765462,584,0.625,0.624261475190764
7.773844,585,0.625,0.624261475190764
7.78359,586,0.625,0.624261475190764
7.793924,587,0.625,0.623655396088637
7.803757,588,0.625,0.624261475190764
7.8125,589,0.625,0.624261475190764
7.822667,590,0.625,0.624261475190764
7.83267,591,0.625,0.624261475190764
7.841331,592,0.625,0.624261475190764
7.850744,593,0.625,0.624261475190764
7.860426,594,0.625,0.624261475190764
7.869447,595,0.625,0.624261475190764
7.878277,596,0.625,0.624261475190764
7.888594,597,0.625,0.624261475190764
7.897728,598,0.625,0.624261475190764
7.907835,599,0.625,0.624261475190764
7.917427,600,0.625,0.624261475190764
7.9259,601,0.625,0.624261475190764
7.934363,602,0.625,0.624261475190764
7.944503,603,0.625,0.624261475190764
7.953647,604,0.625,0.624261475190764
7.96236,605,0.625,0.624261475190764
7.971292,606,0.625,0.624261475190764
7.979922,607,0.625,0.624261475190764
7.990317,608,0.625,0.624261475190764
7.998669,609,0.625,0.623655396088637
8.008831,610,0.625,0.624261475190764
8.018544,611,0.625,0.624261475190764
8.027809,612,0.625,0.624261475190764
8.036494,613,0.625,0.624261475190764
8.045235,614,0.625,0.624261475190764
8.05435,615,0.625,0.624261475190764
8.064601,616,0.625,0.624261475190764
8.076805,617,0.625,0.624261475190764
8.086265,618,0.625,0.624261475190764
8.095592,619,0.625,0.624261475190764
8.104485,620,0.625,0.623655396088637
8.114715,621,0.625,0.624261475190764
8.124959,622,0.625,0.624261475190764
8.135289,623,0.625,0.624261475190764
8.144641,624,0.625,0.624261475190764
8.152953,625,0.625,0.624261475190764
8.163333,626,0.625,0.624261475190764
8.17367,627,0.625,0.624261475190764
8.184269,628,0.625,0.624261475190764
8.194185,629,0.625,0.624261475190764
8.202718,630,0.625,0.624261475190764
8.211489,631,0.625,0.624261475190764
8.219849,632,0.625,0.624261475190764
8.229929,633,0.625,0.624261475190764
8.23981,634,0.625,0.624261475190764
8.248867,635,0.625,0.624261475190764
8.257946,636,0.625,0.624261475190764
8.266366,637,0.625,0.624261475190764
8.276546,638,0.625,0.624261475190764
8.28598,639,0.625,0.623655396088637
8.297683,640,0.625,0.624261475190764
8.307325,641,0.625,0.624261475190764
8.316171,642,0.625,0.624261475190764
8.324532,643,0.625,0.623655396088637
8.33308,644,0.625,0.623655396088637
8.344027,645,0.625,0.624261475190764
8.353837,646,0.625,0.624261475190764
8.36386,647,0.625,0.624261475190764
8.374373,648,0.625,0.624261475190764
8.383247,649,0.625,0.623655396088637
8.393339,650,0.625,0.623655396088637
8.402108,651,0.625,0.624261475190764
8.412827,652,0.625,0.623655396088637
8.422579,653,0.625,0.623655396088637
8.433129,654,0.625,0.623655396088637
8.443376,655,0.625,0.623655396088637
8.451737,656,0.625,0.623655396088637
8.462285,657,0.625,0.623655396088637
8.471495,658,0.625,0.623655396088637
8.481899,659,0.625,0.623655396088637
8.492153,660,0.625,0.623655396088637
8.502326,661,0.625,0.623655396088637
8.515395,662,0.625,0.623655396088637
8.525218,663,0.625,0.623655396088637
8.535474,664,0.625,0.623655396088637
8.543994,665,0.625,0.623655396088637
8.553153,666,0.625,0.623655396088637
8.561758,667,0.625,0.623655396088637
8.571074,668,0.625,0.623655396088637
8.581762,669,0.625,0.623655396088637
8.591303,670,0.625,0.623655396088637
8.601131,671,0.625,0.623655396088637
8.611457,672,0.625,0.623655396088637
8.620148,673,0.625,0.623655396088637
8.630617,674,0.625,0.623655396088637
8.640491,675,0.625,0.623655396088637
8.650058,676,0.625,0.623655396088637
8.658899,677,0.625,0.623655396088637
8.667444,678,0.625,0.623655396088637
8.677582,679,0.625,0.62304931698651
8.686672,680,0.625,0.623655396088637
8.695976,681,0.625,0.623655396088637
8.706571,682,0.625,0.623655396088637
8.716934,683,0.625,0.62304931698651
8.725359,684,0.625,0.62304931698651
8.733774,685,0.625,0.623655396088637
8.74347,686,0.625,0.623655396088637
8.753785,687,0.625,0.62304931698651
8.763627,688,0.625,0.62304931698651
8.772138,689,0.625,0.62304931698651
8.782319,690,0.625,0.62304931698651
8.792497,691,0.625,0.62304931698651
8.801711,692,0.625,0.62304931698651
8.811064,693,0.625,0.62304931698651
8.820451,694,0.625,0.623655396088637
8.830777,695,0.625,0.62304931698651
8.839178,696,0.625,0.62304931698651
8.848093,697,0.625,0.623655396088637
8.858437,698,0.625,0.62304931698651
8.868409,699,0.625,0.62304931698651
8.878123,700,0.625,0.62304931698651
8.888449,701,0.625,0.62304931698651
8.898706,702,0.625,0.62304931698651
8.908894,703,0.625,0.62304931698651
8.917579,704,0.625,0.62304931698651
8.928322,705,0.625,0.62304931698651
8.937073,706,0.625,0.623655396088637
8.945552,707,0.625,0.62304931698651
8.955734,708,0.625,0.62304931698651
8.965933,709,0.625,0.62304931698651
8.974428,710,0.625,0.623655396088637
8.984586,711,0.625,0.623655396088637
8.993854,712,0.625,0.62304931698651
9.004076,713,0.625,0.623655396088637
9.012474,714,0.625,0.623655396088637
9.021107,715,0.625,0.623655396088637
9.030699,716,0.625,0.62304931698651
9.041618,717,0.625,0.62304931698651
9.049982,718,0.625,0.623655396088637
9.06017,719,0.625,0.623655396088637
9.068902,720,0.625,0.623655396088637
9.077541,721,0.625,0.623655396088637
9.087913,722,0.625,0.623655396088637
9.098151,723,0.625,0.623655396088637
9.107018,724,0.625,0.623655396088637
9.11729,725,0.625,0.623655396088637
9.125887,726,0.625,0.62304931698651
9.134514,727,0.625,0.62304931698651
9.142945,728,0.625,0.623655396088637
9.152702,729,0.625,0.623655396088637
9.162694,730,0.625,0.623655396088637
9.171869,731,0.625,0.62304931698651
9.182114,732,0.625,0.623655396088637
9.192217,733,0.625,0.623655396088637
9.202559,734,0.625,0.623655396088637
9.212338,735,0.625,0.623655396088637
9.220617,736,0.625,0.623655396088637
9.235758,737,0.625,0.623655396088637
9.244495,738,0.625,0.623655396088637
9.254752,739,0.625,0.623655396088637
9.266193,740,0.625,0.623655396088637
9.275352,741,0.625,0.623655396088637
9.284421,742,0.625,0.623655396088637
9.292956,743,0.625,0.623655396088637
9.301511,744,0.625,0.623655396088637
9.312037,745,0.625,0.623655396088637
9.321606,746,0.625,0.623655396088637
9.331039,747,0.625,0.623655396088637
9.33973,748,0.625,0.623655396088637
9.35016,749,0.625,0.623655396088637
9.360227,750,0.625,0.623655396088637
9.369183,751,0.625,0.623655396088637
9.379464,752,0.625,0.623655396088637
9.389409,753,0.625,0.623655396088637
9.398575,754,0.625,0.623655396088637
9.408826,755,0.625,0.623655396088637
9.417443,756,0.625,0.623655396088637
9.425814,757,0.625,0.623655396088637
9.43537,758,0.625,0.623655396088637
9.445771,759,0.625,0.623655396088637
9.4561,760,0.625,0.623655396088637
9.464958,761,0.625,0.623655396088637
9.473236,762,0.625,0.623655396088637
9.482965,763,0.625,0.623655396088637
9.491743,764,0.625,0.623655396088637
9.501909,765,0.625,0.624261475190764
9.510643,766,0.625,0.624261475190764
9.520925,767,0.625,0.623655396088637
9.529699,768,0.625,0.623655396088637
9.540874,769,0.625,0.624261475190764
9.551323,770,0.625,0.623655396088637
9.561681,771,0.625,0.624261475190764
9.570669,772,0.625,0.624261475190764
9.581359,773,0.625,0.623655396088637
9.590935,774,0.625,0.623655396088637
9.600139,775,0.625,0.623655396088637
9.608823,776,0.625,0.623655396088637
9.617789,777,0.625,0.624261475190764
9.626847,778,0.625,0.624261475190764
9.635189,779,0.625,0.624261475190764
9.646422,780,0.625,0.624261475190764
9.656899,781,0.625,0.624261475190764
9.665604,782,0.625,0.624261475190764
9.675674,783,0.625,0.623655396088637
9.684875,784,0.625,0.624261475190764
9.69334,785,0.625,0.624261475190764
9.7025,786,0.625,0.623655396088637
9.712758,787,0.625,0.623655396088637
9.722219,788,0.625,0.624261475190764
9.732528,789,0.625,0.624261475190764
9.742788,790,0.625,0.624261475190764
9.751366,791,0.625,0.624261475190764
9.760262,792,0.625,0.624261475190764
9.770617,793,0.625,0.624261475190764
9.780151,794,0.625,0.623655396088637
9.788671,795,0.625,0.624261475190764
9.798902,796,0.625,0.623655396088637
9.808093,797,0.625,0.624261475190764
9.818032,798,0.625,0.624261475190764
9.82721,799,0.625,0.624261475190764
9.835697,800,0.625,0.623655396088637
9.844211,801,0.625,0.624261475190764
9.852891,802,0.625,0.624261475190764
9.86319,803,0.625,0.624261475190764
9.872242,804,0.625,0.624261475190764
9.880689,805,0.625,0.624261475190764
9.889772,806,0.625,0.624261475190764
9.899046,807,0.625,0.623655396088637
9.909121,808,0.625,0.624261475190764
9.918047,809,0.625,0.624261475190764
9.927265,810,0.625,0.624261475190764
9.935831,811,0.625,0.624261475190764
9.944502,812,0.625,0.624261475190764
9.954697,813,0.625,0.624261475190764
9.963809,814,0.625,0.624261475190764
9.974138,815,0.625,0.624261475190764
9.982703,816,0.625,0.624261475190764
9.993067,817,0.625,0.623655396088637
10.00225,818,0.625,0.624261475190764
10.01218,819,0.625,0.623655396088637
10.02115,820,0.625,0.624261475190764
10.03139,821,0.625,0.623655396088637
10.04067,822,0.625,0.624261475190764
10.05006,823,0.625,0.624261475190764
10.05917,824,0.625,0.624261475190764
10.069,825,0.625,0.624261475190764
10.07921,826,0.625,0.624261475190764
10.08943,827,0.625,0.624261475190764
10.09867,828,0.625,0.624261475190764
10.10848,829,0.625,0.624261475190764
10.11776,830,0.625,0.624261475190764
10.1265,831,0.625,0.624261475190764
10.13664,832,0.625,0.624261475190764
10.14711,833,0.625,0.624261475190764
10.15753,834,0.625,0.624261475190764
10.16766,835,0.625,0.624261475190764
10.17713,836,0.625,0.624261475190764
10.18574,837,0.625,0.624261475190764
10.19601,838,0.625,0.624261475190764
10.20619,839,0.625,0.624261475190764
10.2165,840,0.625,0.624261475190764
10.22493,841,0.625,0.624261475190764
10.23522,842,0.625,0.624261475190764
10.24402,843,0.625,0.624261475190764
10.25407,844,0.625,0.624261475190764
10.26255,845,0.625,0.624261475190764
10.27321,846,0.625,0.624261475190764
10.28238,847,0.625,0.624261475190764
10.29111,848,0.625,0.624261475190764
10.29949,849,0.625,0.624261475190764
10.30978,850,0.625,0.624261475190764
10.31864,851,0.625,0.624261475190764
10.32789,852,0.625,0.624261475190764
10.33671,853,0.625,0.624261475190764
10.34641,854,0.625,0.624261475190764
10.35502,855,0.625,0.624261475190764
10.36527,856,0.625,0.624261475190764
10.37515,857,0.625,0.624261475190764
10.38436,858,0.625,0.624261475190764
10.39499,859,0.625,0.624261475190764
10.40332,860,0.625,0.624261475190764
10.41375,861,0.625,0.624261475190764
10.42399,862,0.625,0.624261475190764
10.43242,863,0.625,0.624261475190764
10.44167,864,0.625,0.623655396088637
10.45033,865,0.625,0.624261475190764
10.45973,866,0.625,0.624261475190764
10.46811,867,0.625,0.624261475190764
10.47714,868,0.625,0.624261475190764
10.48738,869,0.625,0.624261475190764
10.49837,870,0.625,0.624261475190764
10.50739,871,0.625,0.624261475190764
10.51721,872,0.625,0.624261475190764
10.5273,873,0.625,0.624261475190764
10.53587,874,0.625,0.624261475190764
10.54446,875,0.625,0.624261475190764
10.55276,876,0.625,0.624261475190764
10.56325,877,0.625,0.624261475190764
10.57323,878,0.625,0.624261475190764
10.58306,879,0.625,0.624261475190764
10.5932,880,0.625,0.623655396088637
10.60199,881,0.625,0.624261475190764
10.61138,882,0.625,0.624261475190764
10.62193,883,0.625,0.624261475190764
10.63141,884,0.625,0.624261475190764
10.64026,885,0.625,0.624261475190764
10.64952,886,0.625,0.624261475190764
10.65845,887,0.625,0.624261475190764
10.66738,888,0.625,0.624261475190764
10.67704,889,0.625,0.624261475190764
10.68587,890,0.625,0.624261475190764
10.69581,891,0.625,0.624261475190764
10.70563,892,0.625,0.624261475190764
10.71439,893,0.625,0.624261475190764
10.72472,894,0.625,0.624261475190764
10.73496,895,0.625,0.624261475190764
10.7452,896,0.625,0.624261475190764
10.75355,897,0.625,0.624261475190764
10.76437,898,0.625,0.624261475190764
10.77359,899,0.625,0.624261475190764
10.7822,900,0.625,0.624261475190764
10.79131,901,0.625,0.624261475190764
10.80103,902,0.625,0.624261475190764
10.80949,903,0.625,0.624261475190764
10.81803,904,0.625,0.624261475190764
10.8268,905,0.625,0.624261475190764
10.83562,906,0.625,0.624261475190764
10.84643,907,0.625,0.624261475190764
10.85603,908,0.625,0.624261475190764
10.86447,909,0.625,0.624261475190764
10.87451,910,0.625,0.624261475190764
10.88479,911,0.625,0.624261475190764
10.89497,912,0.625,0.624261475190764
10.90446,913,0.625,0.624261475190764
10.91571,914,0.625,0.624261475190764
10.92459,915,0.625,0.624261475190764
10.93299,916,0.625,0.624261475190764
10.94346,917,0.625,0.624261475190764
10.95287,918,0.625,0.624261475190764
10.9636,919,0.625,0.624261475190764
10.97345,920,0.625,0.624261475190764
10.98194,921,0.625,0.624261475190764
10.99087,922,0.625,0.624261475190764
10.9999,923,0.625,0.624261475190764
11.01024,924,0.625,0.624261475190764
11.01996,925,0.625,0.624261475190764
11.02845,926,0.625,0.624261475190764
11.03691,927,0.625,0.624261475190764
11.04702,928,0.625,0.624261475190764
11.05656,929,0.625,0.624261475190764
11.06772,930,0.625,0.624261475190764
11.07783,931,0.625,0.624261475190764
11.0875,932,0.625,0.624261475190764
11.09794,933,0.625,0.624261475190764
11.10708,934,0.625,0.624261475190764
11.11724,935,0.625,0.624867554292891
11.12602,936,0.625,0.624261475190764
11.13628,937,0.625,0.624261475190764
11.14696,938,0.625,0.624261475190764
11.15545,939,0.625,0.624261475190764
11.16606,940,0.625,0.624261475190764
11.17687,941,0.625,0.624261475190764
11.18651,942,0.625,0.624261475190764
11.19632,943,0.625,0.624261475190764
11.20526,944,0.625,0.624261475190764
11.21569,945,0.625,0.624261475190764
11.22577,946,0.625,0.624261475190764
11.2351,947,0.625,0.624867554292891
11.24448,948,0.625,0.624867554292891
11.25364,949,0.625,0.624261475190764
11.26205,950,0.625,0.624261475190764
11.27123,951,0.625,0.624261475190764
11.28004,952,0.625,0.624261475190764
11.28985,953,0.625,0.624261475190764
11.29907,954,0.625,0.624261475190764
11.30931,955,0.625,0.624261475190764
11.31769,956,0.625,0.624261475190764
11.32651,957,0.625,0.624261475190764
11.33506,958,0.625,0.624261475190764
11.34628,959,0.625,0.624261475190764
11.35645,960,0.625,0.624261475190764
11.36577,961,0.625,0.624261475190764
11.37438,962,0.625,0.624261475190764
11.38451,963,0.625,0.624261475190764
11.39461,964,0.625,0.624261475190764
11.40541,965,0.625,0.624261475190764
11.41698,966,0.625,0.624261475190764
11.42571,967,0.625,0.624261475190764
11.43438,968,0.625,0.624261475190764
11.44268,969,0.625,0.624261475190764
11.45241,970,0.625,0.624261475190764
11.46113,971,0.625,0.624261475190764
11.47131,972,0.625,0.624261475190764
11.48018,973,0.625,0.624261475190764
11.49084,974,0.625,0.624261475190764
11.50101,975,0.625,0.624261475190764
11.51104,976,0.625,0.624261475190764
11.52131,977,0.625,0.624261475190764
11.53084,978,0.625,0.624261475190764
11.53919,979,0.625,0.624261475190764
11.54967,980,0.625,0.624261475190764
11.56005,981,0.625,0.624261475190764
11.56891,982,0.625,0.624261475190764
11.57952,983,0.625,0.624867554292891
11.58874,984,0.625,0.624261475190764
11.59735,985,0.625,0.624261475190764
11.60567,986,0.625,0.624261475190764
11.61578,987,0.625,0.624261475190764
11.62468,988,0.625,0.624261475190764
11.63332,989,0.625,0.624867554292891
11.64181,990,0.625,0.624261475190764
11.65093,991,0.625,0.624261475190764
11.66107,992,0.625,0.624261475190764
11.66972,993,0.625,0.624261475190764
11.68077,994,0.625,0.624261475190764
11.68924,995,0.625,0.624261475190764
11.69897,996,0.625,0.624261475190764
11.70786,997,0.625,0.624261475190764
11.71798,998,0.625,0.624261475190764
11.72816,999,0.625,0.624261475190764
11.7367,1000,0.625,0.624261475190764
11.74661,1001,0.519999980926514,0.624261475190764
11.7549,1002,0.519999980926514,0.624261475190764
11.76337,1003,0.519999980926514,0.624867554292891
11.77363,1004,0.519999980926514,0.624261475190764
11.78267,1005,0.519999980926514,0.624261475190764
11.79142,1006,0.519999980926514,0.600624390207813
11.80102,1007,0.519999980926514,0.577593384326988
11.81007,1008,0.519999980926514,0.577593384326988
11.81905,1009,0.519999980926514,0.54547119191426
11.82772,1010,0.519999980926514,0.541834717301498
11.83662,1011,0.519999980926514,0.540016479995117
11.84558,1012,0.519999980926514,0.537592163586609
11.855,1013,0.519999980926514,0.535773926280228
11.86385,1014,0.519999980926514,0.535773926280228
11.87388,1015,0.519999980926514,0.532137451667467
11.8841,1016,0.519999980926514,0.530319214361086
11.8934,1017,0.519999980926514,0.529107056156832
11.90369,1018,0.519999980926514,0.528500977054705
11.91378,1019,0.519999980926514,0.527288818850451
11.92375,1020,0.519999980926514,0.526682739748324
11.93339,1021,0.519999980926514,0.524864502441943
11.94345,1022,0.519999980926514,0.524258423339816
11.95185,1023,0.519999980926514,0.523652344237689
11.96242,1024,0.519999980926514,0.523046265135562
11.97272,1025,0.519999980926514,0.522440186033435
11.98396,1026,0.519999980926514,0.521834106931308
11.99409,1027,0.519999980926514,0.521228027829181
12.00292,1028,0.519999980926514,0.520621948727054
12.01184,1029,0.519999980926514,0.520621948727054
12.02048,1030,0.519999980926514,0.520015869624927
12.03057,1031,0.519999980926514,0.520015869624927
12.04077,1032,0.519999980926514,0.519409790522801
12.05082,1033,0.519999980926514,0.519409790522801
12.06085,1034,0.519999980926514,0.519409790522801
12.06939,1035,0.519999980926514,0.518803711420674
12.07959,1036,0.519999980926514,0.519409790522801
12.08991,1037,0.519999980926514,0.519409790522801
12.09945,1038,0.519999980926514,0.518803711420674
12.10922,1039,0.519999980926514,0.518803711420674
12.11962,1040,0.519999980926514,0.518803711420674
12.13001,1041,0.519999980926514,0.518803711420674
12.13848,1042,0.519999980926514,0.518803711420674
12.14783,1043,0.519999980926514,0.518803711420674
12.15854,1044,0.519999980926514,0.518197632318547
12.16711,1045,0.519999980926514,0.518803711420674
12.17756,1046,0.519999980926514,0.518197632318547
12.18759,1047,0.519999980926514,0.518197632318547
12.19641,1048,0.519999980926514,0.518197632318547
12.20528,1049,0.519999980926514,0.518197632318547
12.21436,1050,0.519999980926514,0.518197632318547
12.22276,1051,0.519999980926514,0.518197632318547
12.23301,1052,0.519999980926514,0.518197632318547
12.24193,1053,0.519999980926514,0.518197632318547
12.2509,1054,0.519999980926514,0.518197632318547
12.26104,1055,0.519999980926514,0.51759155321642
12.26979,1056,0.519999980926514,0.51759155321642
12.27813,1057,0.519999980926514,0.51759155321642
12.28862,1058,0.519999980926514,0.51759155321642
12.29863,1059,0.519999980926514,0.518197632318547
12.3091,1060,0.519999980926514,0.51759155321642
12.31852,1061,0.519999980926514,0.51759155321642
12.32768,1062,0.519999980926514,0.51759155321642
12.33646,1063,0.519999980926514,0.51759155321642
12.34596,1064,0.519999980926514,0.51759155321642
12.3562,1065,0.519999980926514,0.51759155321642
12.36549,1066,0.519999980926514,0.516985474114293
12.37562,1067,0.519999980926514,0.516985474114293
12.38598,1068,0.519999980926514,0.516985474114293
12.39625,1069,0.519999980926514,0.516985474114293
12.40484,1070,0.519999980926514,0.516985474114293
12.41507,1071,0.519999980926514,0.51759155321642
12.42397,1072,0.519999980926514,0.516985474114293
12.43296,1073,0.519999980926514,0.516985474114293
12.44306,1074,0.519999980926514,0.516985474114293
12.45333,1075,0.519999980926514,0.516985474114293
12.46432,1076,0.519999980926514,0.516985474114293
12.47267,1077,0.519999980926514,0.516985474114293
12.48188,1078,0.519999980926514,0.516379395012166
12.49249,1079,0.519999980926514,0.516379395012166
12.5008,1080,0.519999980926514,0.516379395012166
12.51091,1081,0.519999980926514,0.516379395012166
12.52013,1082,0.519999980926514,0.516379395012166
12.52954,1083,0.519999980926514,0.516379395012166
12.53985,1084,0.519999980926514,0.516379395012166
12.54997,1085,0.519999980926514,0.516379395012166
12.56017,1086,0.519999980926514,0.516379395012166
12.57037,1087,0.519999980926514,0.516379395012166
12.57945,1088,0.519999980926514,0.516379395012166
12.58935,1089,0.519999980926514,0.516379395012166
12.59887,1090,0.519999980926514,0.516379395012166
12.60775,1091,0.519999980926514,0.516379395012166
12.61637,1092,0.519999980926514,0.515773315910039
12.62779,1093,0.519999980926514,0.516379395012166
12.63654,1094,0.519999980926514,0.515773315910039
12.64683,1095,0.519999980926514,0.515773315910039
12.65635,1096,0.519999980926514,0.515773315910039
12.66536,1097,0.519999980926514,0.515773315910039
12.67438,1098,0.519999980926514,0.515773315910039
12.68335,1099,0.519999980926514,0.515773315910039
12.69297,1100,0.519999980926514,0.515773315910039
12.70265,1101,0.519999980926514,0.515773315910039
12.71279,1102,0.519999980926514,0.515167236807912
12.72318,1103,0.519999980926514,0.515773315910039
12.73181,1104,0.519999980926514,0.515773315910039
12.74092,1105,0.519999980926514,0.515167236807912
12.75058,1106,0.519999980926514,0.515773315910039
12.75928,1107,0.519999980926514,0.515167236807912
12.76905,1108,0.519999980926514,0.515167236807912
12.77739,1109,0.519999980926514,0.515773315910039
12.78626,1110,0.519999980926514,0.515167236807912
12.7949,1111,0.519999980926514,0.515167236807912
12.80479,1112,0.519999980926514,0.515167236807912
12.81401,1113,0.519999980926514,0.515167236807912
12.82438,1114,0.519999980926514,0.515167236807912
12.8345,1115,0.519999980926514,0.515167236807912
12.84486,1116,0.519999980926514,0.515167236807912
12.85543,1117,0.519999980926514,0.515167236807912
12.87296,1118,0.519999980926514,0.514561157705785
12.8814,1119,0.519999980926514,0.515167236807912
12.89149,1120,0.519999980926514,0.514561157705785
12.9006,1121,0.519999980926514,0.515167236807912
12.91031,1122,0.519999980926514,0.514561157705785
12.91955,1123,0.519999980926514,0.514561157705785
12.92926,1124,0.519999980926514,0.514561157705785
12.93865,1125,0.519999980926514,0.514561157705785
12.948,1126,0.519999980926514,0.514561157705785
12.95637,1127,0.519999980926514,0.513955078603658
12.96511,1128,0.519999980926514,0.514561157705785
12.9744,1129,0.519999980926514,0.514561157705785
12.98434,1130,0.519999980926514,0.514561157705785
12.99443,1131,0.519999980926514,0.514561157705785
13.0031,1132,0.519999980926514,0.513955078603658
13.01362,1133,0.519999980926514,0.514561157705785
13.02425,1134,0.519999980926514,0.513955078603658
13.0326,1135,0.519999980926514,0.513955078603658
13.04143,1136,0.519999980926514,0.514561157705785
13.05151,1137,0.519999980926514,0.513955078603658
13.06133,1138,0.519999980926514,0.513955078603658
13.07019,1139,0.519999980926514,0.513955078603658
13.0799,1140,0.519999980926514,0.513955078603658
13.08885,1141,0.519999980926514,0.513955078603658
13.09732,1142,0.519999980926514,0.513955078603658
13.10731,1143,0.519999980926514,0.513955078603658
13.11645,1144,0.519999980926514,0.513955078603658
13.12508,1145,0.519999980926514,0.513348999501531
13.13415,1146,0.519999980926514,0.513955078603658
13.14443,1147,0.519999980926514,0.513955078603658
13.15369,1148,0.519999980926514,0.513955078603658
13.16264,1149,0.519999980926514,0.513348999501531
13.17182,1150,0.519999980926514,0.513348999501531
13.18057,1151,0.519999980926514,0.513348999501531
13.18966,1152,0.519999980926514,0.513348999501531
13.20018,1153,0.519999980926514,0.513348999501531
13.2087,1154,0.519999980926514,0.513348999501531
13.2185,1155,0.519999980926514,0.513348999501531
13.22892,1156,0.519999980926514,0.513348999501531
13.23748,1157,0.519999980926514,0.513348999501531
13.24872,1158,0.519999980926514,0.513348999501531
13.25821,1159,0.519999980926514,0.512742920399404
13.26839,1160,0.519999980926514,0.513348999501531
13.27684,1161,0.519999980926514,0.513348999501531
13.28539,1162,0.519999980926514,0.513348999501531
13.29605,1163,0.519999980926514,0.513348999501531
13.30683,1164,0.519999980926514,0.513348999501531
13.31646,1165,0.519999980926514,0.512742920399404
13.32511,1166,0.519999980926514,0.512742920399404
13.33399,1167,0.519999980926514,0.512742920399404
13.34259,1168,0.519999980926514,0.512742920399404
13.35176,1169,0.519999980926514,0.512136841297277
13.36029,1170,0.519999980926514,0.512136841297277
13.37034,1171,0.519999980926514,0.512742920399404
13.37884,1172,0.519999980926514,0.512742920399404
13.38759,1173,0.519999980926514,0.512742920399404
13.39594,1174,0.519999980926514,0.512742920399404
13.40644,1175,0.519999980926514,0.512742920399404
13.41533,1176,0.519999980926514,0.512136841297277
13.4237,1177,0.519999980926514,0.512136841297277
13.44723,1178,0.519999980926514,0.514561157705785
13.45592,1179,0.519999980926514,0.515167236807912
13.46675,1180,0.519999980926514,0.515773315910039
13.47685,1181,0.519999980926514,0.516379395012166
13.48719,1182,0.519999980926514,0.516985474114293
13.49549,1183,0.519999980926514,0.51759155321642
13.5056,1184,0.519999980926514,0.518197632318547
13.51564,1185,0.519999980926514,0.518197632318547
13.52454,1186,0.519999980926514,0.518197632318547
13.53432,1187,0.519999980926514,0.518197632318547
13.55037,1188,0.519999980926514,0.518803711420674
