Time [s] , Frame nr,Sent pressure 0,Received pressure 0
1.778559,0,0.519999980926514,0.505469971173881
1.781957,1,0.519999980926514,0.505469971173881
2.235589,2,0.519999980926514,0.505469971173881
2.265416,3,0.519999980926514,0.505469971173881
2.27532,4,0.519999980926514,0.513955078603658
2.285444,5,0.519999980926514,0.515773315910039
2.295509,6,0.519999980926514,0.516379395012166
2.306304,7,0.519999980926514,0.516985474114293
2.316512,8,0.519999980926514,0.516985474114293
2.325963,9,0.519999980926514,0.518197632318547
2.33447,10,0.519999980926514,0.518197632318547
2.344051,11,0.519999980926514,0.518197632318547
2.352616,12,0.519999980926514,0.518803711420674
2.361994,13,0.519999980926514,0.518803711420674
2.372554,14,0.519999980926514,0.518803711420674
2.381722,15,0.519999980926514,0.518803711420674
2.391609,16,0.519999980926514,0.518803711420674
2.400124,17,0.519999980926514,0.518803711420674
2.410436,18,0.519999980926514,0.518803711420674
2.421594,19,0.519999980926514,0.519409790522801
2.431039,20,0.519999980926514,0.519409790522801
2.441823,21,0.519999980926514,0.519409790522801
2.453017,22,0.519999980926514,0.519409790522801
2.462171,23,0.519999980926514,0.519409790522801
2.472807,24,0.519999980926514,0.519409790522801
2.482888,25,0.519999980926514,0.519409790522801
2.493064,26,0.519999980926514,0.519409790522801
2.50295,27,0.519999980926514,0.519409790522801
2.512103,28,0.519999980926514,0.518803711420674
2.523042,29,0.519999980926514,0.519409790522801
2.531537,30,0.519999980926514,0.518803711420674
2.542049,31,0.519999980926514,0.519409790522801
2.551273,32,0.519999980926514,0.519409790522801
2.560459,33,0.519999980926514,0.519409790522801
2.569812,34,0.519999980926514,0.519409790522801
2.580029,35,0.519999980926514,0.518803711420674
2.588478,36,0.519999980926514,0.518803711420674
2.597641,37,0.519999980926514,0.518803711420674
2.607109,38,0.519999980926514,0.518803711420674
2.61576,39,0.519999980926514,0.519409790522801
2.624163,40,0.519999980926514,0.518803711420674
2.634463,41,0.519999980926514,0.518803711420674
2.644909,42,0.519999980926514,0.518803711420674
2.655283,43,0.519999980926514,0.518803711420674
2.664045,44,0.519999980926514,0.518803711420674
2.672686,45,0.519999980926514,0.518803711420674
2.682814,46,0.519999980926514,0.518803711420674
2.692423,47,0.519999980926514,0.518803711420674
2.709371,48,0.519999980926514,0.518803711420674
2.719002,49,0.519999980926514,0.518803711420674
2.727782,50,0.519999980926514,0.518803711420674
2.737714,51,0.519999980926514,0.518803711420674
2.747016,52,0.519999980926514,0.518803711420674
2.757322,53,0.519999980926514,0.518803711420674
2.767743,54,0.519999980926514,0.518803711420674
2.77611,55,0.519999980926514,0.518803711420674
2.784792,56,0.519999980926514,0.518803711420674
2.793503,57,0.519999980926514,0.518803711420674
2.803044,58,0.519999980926514,0.518803711420674
2.811967,59,0.519999980926514,0.518197632318547
2.822416,60,0.519999980926514,0.518197632318547
2.831752,61,0.519999980926514,0.518803711420674
2.841025,62,0.519999980926514,0.518197632318547
2.850385,63,0.519999980926514,0.518197632318547
2.859431,64,0.519999980926514,0.518197632318547
2.87028,65,0.519999980926514,0.518197632318547
2.879836,66,0.519999980926514,0.518197632318547
2.88899,67,0.519999980926514,0.518197632318547
2.897375,68,0.519999980926514,0.518197632318547
2.906228,69,0.519999980926514,0.518803711420674
2.916509,70,0.519999980926514,0.518197632318547
2.925483,71,0.519999980926514,0.518197632318547
2.934034,72,0.519999980926514,0.518197632318547
2.943668,73,0.519999980926514,0.518197632318547
2.95289,74,0.519999980926514,0.518197632318547
2.962295,75,0.519999980926514,0.518197632318547
2.971564,76,0.519999980926514,0.518197632318547
2.98173,77,0.519999980926514,0.518197632318547
2.991563,78,0.519999980926514,0.518197632318547
3.000637,79,0.519999980926514,0.518197632318547
3.010065,80,0.519999980926514,0.518197632318547
3.019097,81,0.519999980926514,0.518197632318547
3.028757,82,0.519999980926514,0.518197632318547
3.038196,83,0.519999980926514,0.518197632318547
3.04727,84,0.519999980926514,0.518197632318547
3.056088,85,0.519999980926514,0.518197632318547
3.065089,86,0.519999980926514,0.518197632318547
3.074688,87,0.519999980926514,0.518197632318547
3.083797,88,0.519999980926514,0.518197632318547
3.093062,89,0.519999980926514,0.518197632318547
3.103452,90,0.519999980926514,0.518197632318547
3.112246,91,0.519999980926514,0.518197632318547
3.121959,92,0.519999980926514,0.518197632318547
3.131261,93,0.519999980926514,0.518197632318547
3.141491,94,0.519999980926514,0.518197632318547
3.151913,95,0.519999980926514,0.518197632318547
3.161012,96,0.519999980926514,0.518197632318547
3.171491,97,0.519999980926514,0.518197632318547
3.181906,98,0.519999980926514,0.518197632318547
3.191146,99,0.519999980926514,0.51759155321642
3.199852,100,0.519999980926514,0.518197632318547
3.208379,101,0.519999980926514,0.518197632318547
3.217858,102,0.519999980926514,0.518197632318547
3.227787,103,0.519999980926514,0.518197632318547
3.237475,104,0.519999980926514,0.518197632318547
3.246346,105,0.519999980926514,0.51759155321642
3.255522,106,0.519999980926514,0.518197632318547
3.264277,107,0.519999980926514,0.518197632318547
3.274365,108,0.519999980926514,0.51759155321642
3.283719,109,0.519999980926514,0.518197632318547
3.29403,110,0.519999980926514,0.51759155321642
3.302921,111,0.519999980926514,0.518197632318547
3.311265,112,0.519999980926514,0.518197632318547
3.320568,113,0.519999980926514,0.518197632318547
3.330405,114,0.519999980926514,0.518197632318547
3.340175,115,0.519999980926514,0.518197632318547
3.3499,116,0.519999980926514,0.518197632318547
3.360267,117,0.519999980926514,0.518197632318547
3.370706,118,0.519999980926514,0.51759155321642
3.380603,119,0.519999980926514,0.518197632318547
3.391598,120,0.519999980926514,0.518197632318547
3.401001,121,0.519999980926514,0.51759155321642
3.410511,122,0.519999980926514,0.518197632318547
3.419099,123,0.519999980926514,0.518197632318547
3.428426,124,0.519999980926514,0.518197632318547
3.440339,125,0.519999980926514,0.518197632318547
3.449389,126,0.519999980926514,0.518197632318547
3.45896,127,0.519999980926514,0.51759155321642
3.468064,128,0.519999980926514,0.518197632318547
3.477734,129,0.519999980926514,0.518197632318547
3.48693,130,0.519999980926514,0.518197632318547
3.497398,131,0.519999980926514,0.51759155321642
3.508005,132,0.519999980926514,0.51759155321642
3.516753,133,0.519999980926514,0.518197632318547
3.525931,134,0.519999980926514,0.518197632318547
3.535392,135,0.519999980926514,0.518197632318547
3.545698,136,0.519999980926514,0.518197632318547
3.556455,137,0.519999980926514,0.518197632318547
3.56602,138,0.519999980926514,0.518197632318547
3.57693,139,0.519999980926514,0.518197632318547
3.586032,140,0.519999980926514,0.51759155321642
3.594909,141,0.519999980926514,0.51759155321642
3.603324,142,0.519999980926514,0.518197632318547
3.613899,143,0.519999980926514,0.518197632318547
3.623155,144,0.519999980926514,0.51759155321642
3.63166,145,0.519999980926514,0.518197632318547
3.640762,146,0.519999980926514,0.51759155321642
3.649449,147,0.519999980926514,0.518197632318547
3.65793,148,0.519999980926514,0.51759155321642
3.667758,149,0.519999980926514,0.518197632318547
3.677552,150,0.519999980926514,0.518197632318547
3.686882,151,0.519999980926514,0.518197632318547
3.696243,152,0.519999980926514,0.51759155321642
3.705383,153,0.519999980926514,0.518197632318547
3.714607,154,0.519999980926514,0.518197632318547
3.724863,155,0.519999980926514,0.51759155321642
3.734344,156,0.519999980926514,0.518197632318547
3.743293,157,0.519999980926514,0.518197632318547
3.751708,158,0.519999980926514,0.518197632318547
3.760206,159,0.519999980926514,0.51759155321642
3.770146,160,0.519999980926514,0.518197632318547
3.781335,161,0.519999980926514,0.518197632318547
3.791157,162,0.519999980926514,0.51759155321642
3.800428,163,0.519999980926514,0.518197632318547
3.809406,164,0.519999980926514,0.518197632318547
3.819741,165,0.519999980926514,0.51759155321642
3.828818,166,0.519999980926514,0.518197632318547
3.837251,167,0.519999980926514,0.518197632318547
3.847261,168,0.519999980926514,0.518197632318547
3.856879,169,0.519999980926514,0.51759155321642
3.865191,170,0.519999980926514,0.518197632318547
3.873555,171,0.519999980926514,0.51759155321642
3.88201,172,0.519999980926514,0.518197632318547
3.891558,173,0.519999980926514,0.518197632318547
3.901663,174,0.519999980926514,0.518197632318547
3.910044,175,0.519999980926514,0.51759155321642
3.918747,176,0.519999980926514,0.518197632318547
3.927357,177,0.519999980926514,0.518197632318547
3.937923,178,0.519999980926514,0.518197632318547
3.947461,179,0.519999980926514,0.518197632318547
3.957986,180,0.519999980926514,0.518197632318547
3.968358,181,0.519999980926514,0.518197632318547
3.977404,182,0.519999980926514,0.518197632318547
3.986613,183,0.519999980926514,0.51759155321642
3.996512,184,0.519999980926514,0.518197632318547
4.00578,185,0.519999980926514,0.518197632318547
4.015134,186,0.519999980926514,0.518197632318547
4.024449,187,0.519999980926514,0.51759155321642
4.033,188,0.519999980926514,0.518197632318547
4.042799,189,0.519999980926514,0.51759155321642
4.051232,190,0.519999980926514,0.518197632318547
4.061492,191,0.519999980926514,0.51759155321642
4.072446,192,0.519999980926514,0.518197632318547
4.081725,193,0.519999980926514,0.51759155321642
4.090974,194,0.519999980926514,0.518197632318547
4.099813,195,0.519999980926514,0.518197632318547
4.109062,196,0.519999980926514,0.518197632318547
4.117495,197,0.519999980926514,0.518197632318547
4.126358,198,0.519999980926514,0.51759155321642
4.135245,199,0.519999980926514,0.51759155321642
4.14418,200,0.519999980926514,0.518197632318547
4.1533,201,0.519999980926514,0.518197632318547
4.164911,202,0.519999980926514,0.518197632318547
4.17522,203,0.519999980926514,0.518197632318547
4.185946,204,0.519999980926514,0.518197632318547
4.195508,205,0.519999980926514,0.518197632318547
4.203981,206,0.519999980926514,0.518197632318547
4.214143,207,0.519999980926514,0.518197632318547
4.223225,208,0.519999980926514,0.51759155321642
4.232057,209,0.519999980926514,0.518197632318547
4.242281,210,0.519999980926514,0.518197632318547
4.251256,211,0.519999980926514,0.518197632318547
4.260154,212,0.519999980926514,0.518197632318547
4.270646,213,0.519999980926514,0.518197632318547
4.280214,214,0.519999980926514,0.518197632318547
4.289392,215,0.519999980926514,0.518197632318547
4.299059,216,0.519999980926514,0.51759155321642
4.30911,217,0.519999980926514,0.518197632318547
4.319201,218,0.519999980926514,0.518197632318547
4.329196,219,0.519999980926514,0.518197632318547
4.338314,220,0.519999980926514,0.518197632318547
4.347584,221,0.519999980926514,0.518197632318547
4.357259,222,0.519999980926514,0.518197632318547
4.366459,223,0.519999980926514,0.518197632318547
4.375102,224,0.519999980926514,0.518197632318547
4.385182,225,0.519999980926514,0.518197632318547
4.394517,226,0.519999980926514,0.518197632318547
4.404051,227,0.519999980926514,0.518197632318547
4.413179,228,0.519999980926514,0.51759155321642
4.423718,229,0.519999980926514,0.518197632318547
4.433945,230,0.519999980926514,0.518197632318547
4.443544,231,0.519999980926514,0.518197632318547
4.452103,232,0.519999980926514,0.518197632318547
4.461986,233,0.519999980926514,0.51759155321642
4.471185,234,0.519999980926514,0.51759155321642
4.48086,235,0.519999980926514,0.51759155321642
4.489423,236,0.519999980926514,0.518197632318547
4.497815,237,0.519999980926514,0.51759155321642
4.507941,238,0.519999980926514,0.518197632318547
4.517793,239,0.519999980926514,0.518197632318547
4.528111,240,0.519999980926514,0.51759155321642
4.537796,241,0.519999980926514,0.518197632318547
4.546103,242,0.519999980926514,0.518197632318547
4.554637,243,0.519999980926514,0.518197632318547
4.56475,244,0.519999980926514,0.518197632318547
4.573794,245,0.519999980926514,0.518197632318547
4.584775,246,0.519999980926514,0.51759155321642
4.593917,247,0.519999980926514,0.518197632318547
4.60339,248,0.519999980926514,0.518197632318547
4.612661,249,0.519999980926514,0.518197632318547
4.621929,250,0.519999980926514,0.518197632318547
4.631588,251,0.519999980926514,0.518197632318547
4.642204,252,0.519999980926514,0.518197632318547
4.650587,253,0.519999980926514,0.518197632318547
4.659322,254,0.519999980926514,0.518197632318547
4.668769,255,0.519999980926514,0.518197632318547
4.678778,256,0.519999980926514,0.518197632318547
4.689019,257,0.519999980926514,0.518197632318547
4.697988,258,0.519999980926514,0.518197632318547
4.707601,259,0.519999980926514,0.518197632318547
4.716908,260,0.519999980926514,0.518197632318547
4.726665,261,0.519999980926514,0.518197632318547
4.736012,262,0.519999980926514,0.518197632318547
4.744592,263,0.519999980926514,0.518197632318547
4.753321,264,0.519999980926514,0.518197632318547
4.76211,265,0.519999980926514,0.518197632318547
4.772295,266,0.519999980926514,0.518197632318547
4.782439,267,0.519999980926514,0.518197632318547
4.791377,268,0.519999980926514,0.518197632318547
4.800505,269,0.519999980926514,0.518197632318547
4.810775,270,0.519999980926514,0.518197632318547
4.819113,271,0.519999980926514,0.518197632318547
4.827469,272,0.519999980926514,0.518197632318547
4.837702,273,0.519999980926514,0.518197632318547
4.84692,274,0.519999980926514,0.518197632318547
4.856382,275,0.519999980926514,0.518197632318547
4.864949,276,0.519999980926514,0.518197632318547
4.875311,277,0.519999980926514,0.518197632318547
4.88488,278,0.519999980926514,0.518197632318547
4.894516,279,0.519999980926514,0.518197632318547
4.9044,280,0.519999980926514,0.518197632318547
4.913693,281,0.519999980926514,0.518197632318547
4.924525,282,0.519999980926514,0.518197632318547
4.934058,283,0.519999980926514,0.518197632318547
4.942886,284,0.519999980926514,0.518197632318547
4.951536,285,0.519999980926514,0.518197632318547
4.960639,286,0.519999980926514,0.518197632318547
4.96959,287,0.519999980926514,0.518197632318547
4.978493,288,0.519999980926514,0.518197632318547
4.987372,289,0.519999980926514,0.518197632318547
4.996026,290,0.519999980926514,0.518197632318547
5.00455,291,0.519999980926514,0.518197632318547
5.013937,292,0.519999980926514,0.518197632318547
5.022736,293,0.519999980926514,0.518197632318547
5.033529,294,0.519999980926514,0.518197632318547
5.042155,295,0.519999980926514,0.518197632318547
5.051599,296,0.519999980926514,0.518197632318547
5.061327,297,0.519999980926514,0.518197632318547
5.072399,298,0.519999980926514,0.518197632318547
5.081174,299,0.519999980926514,0.518197632318547
5.09133,300,0.519999980926514,0.518197632318547
5.101386,301,0.519999980926514,0.518197632318547
5.109903,302,0.519999980926514,0.518197632318547
5.118267,303,0.519999980926514,0.518197632318547
5.127729,304,0.519999980926514,0.518197632318547
5.136747,305,0.519999980926514,0.518197632318547
5.147119,306,0.519999980926514,0.518197632318547
5.156973,307,0.519999980926514,0.518197632318547
5.165737,308,0.519999980926514,0.518197632318547
5.176049,309,0.519999980926514,0.518197632318547
5.18563,310,0.519999980926514,0.518197632318547
5.195947,311,0.519999980926514,0.518197632318547
5.206639,312,0.519999980926514,0.518197632318547
5.216156,313,0.519999980926514,0.518197632318547
5.225288,314,0.519999980926514,0.518197632318547
5.234447,315,0.519999980926514,0.518197632318547
5.243624,316,0.519999980926514,0.518197632318547
5.252372,317,0.519999980926514,0.518197632318547
5.262101,318,0.519999980926514,0.518197632318547
5.271263,319,0.519999980926514,0.518197632318547
5.279616,320,0.519999980926514,0.51759155321642
5.288145,321,0.519999980926514,0.518197632318547
5.298092,322,0.519999980926514,0.518197632318547
5.306723,323,0.519999980926514,0.518197632318547
5.317409,324,0.519999980926514,0.518197632318547
5.327687,325,0.519999980926514,0.518197632318547
5.336353,326,0.519999980926514,0.518197632318547
5.346939,327,0.519999980926514,0.518197632318547
5.356075,328,0.519999980926514,0.518197632318547
5.365497,329,0.519999980926514,0.518197632318547
5.374266,330,0.519999980926514,0.518197632318547
5.382739,331,0.519999980926514,0.518197632318547
5.392822,332,0.519999980926514,0.518197632318547
5.40153,333,0.519999980926514,0.518197632318547
5.410929,334,0.519999980926514,0.518197632318547
5.41985,335,0.519999980926514,0.518197632318547
5.428245,336,0.519999980926514,0.518197632318547
5.436846,337,0.519999980926514,0.518197632318547
5.446592,338,0.519999980926514,0.518197632318547
5.455604,339,0.519999980926514,0.518197632318547
5.464902,340,0.519999980926514,0.518197632318547
5.473998,341,0.519999980926514,0.518197632318547
5.482954,342,0.519999980926514,0.518197632318547
5.492736,343,0.519999980926514,0.518197632318547
5.503391,344,0.519999980926514,0.518197632318547
5.512368,345,0.519999980926514,0.518197632318547
5.522838,346,0.519999980926514,0.518197632318547
5.532204,347,0.519999980926514,0.518197632318547
5.540824,348,0.519999980926514,0.518197632318547
5.550432,349,0.519999980926514,0.518197632318547
5.55944,350,0.519999980926514,0.518197632318547
5.569554,351,0.519999980926514,0.518197632318547
5.578599,352,0.519999980926514,0.518197632318547
5.587331,353,0.519999980926514,0.518197632318547
5.596203,354,0.519999980926514,0.518197632318547
5.606361,355,0.519999980926514,0.518197632318547
5.616848,356,0.519999980926514,0.518197632318547
5.626715,357,0.519999980926514,0.518197632318547
5.635814,358,0.519999980926514,0.518197632318547
5.64497,359,0.519999980926514,0.518197632318547
5.653696,360,0.519999980926514,0.518197632318547
5.663184,361,0.519999980926514,0.518197632318547
5.672078,362,0.519999980926514,0.518197632318547
5.681263,363,0.519999980926514,0.518197632318547
5.689889,364,0.519999980926514,0.518197632318547
5.700086,365,0.519999980926514,0.518197632318547
5.709149,366,0.519999980926514,0.518197632318547
5.719146,367,0.519999980926514,0.518197632318547
5.729097,368,0.519999980926514,0.518197632318547
5.738052,369,0.519999980926514,0.518197632318547
5.747419,370,0.519999980926514,0.518197632318547
5.756691,371,0.519999980926514,0.518197632318547
5.765145,372,0.519999980926514,0.518197632318547
5.776386,373,0.519999980926514,0.518197632318547
5.785918,374,0.519999980926514,0.518197632318547
5.795874,375,0.519999980926514,0.518197632318547
5.804628,376,0.519999980926514,0.518197632318547
5.813197,377,0.519999980926514,0.518197632318547
5.82254,378,0.519999980926514,0.518197632318547
5.832539,379,0.519999980926514,0.518197632318547
5.841416,380,0.519999980926514,0.518197632318547
5.851995,381,0.519999980926514,0.518197632318547
5.861564,382,0.519999980926514,0.518197632318547
5.870351,383,0.519999980926514,0.518197632318547
5.880226,384,0.519999980926514,0.518197632318547
5.890046,385,0.519999980926514,0.518197632318547
5.898945,386,0.519999980926514,0.518197632318547
5.909231,387,0.519999980926514,0.518197632318547
5.918562,388,0.519999980926514,0.518197632318547
5.927043,389,0.519999980926514,0.518197632318547
5.93609,390,0.519999980926514,0.518197632318547
5.946269,391,0.519999980926514,0.518197632318547
5.954803,392,0.519999980926514,0.518197632318547
5.963387,393,0.519999980926514,0.51759155321642
5.972396,394,0.519999980926514,0.518197632318547
5.981183,395,0.519999980926514,0.518197632318547
5.990265,396,0.519999980926514,0.518197632318547
6.000638,397,0.519999980926514,0.518197632318547
6.011152,398,0.519999980926514,0.518197632318547
6.020747,399,0.519999980926514,0.518197632318547
6.029907,400,0.519999980926514,0.518197632318547
6.038294,401,0.519999980926514,0.518197632318547
6.048217,402,0.519999980926514,0.518197632318547
6.057112,403,0.519999980926514,0.518197632318547
6.065541,404,0.519999980926514,0.518197632318547
6.075816,405,0.519999980926514,0.518197632318547
6.085356,406,0.519999980926514,0.518197632318547
6.094136,407,0.519999980926514,0.518197632318547
6.104539,408,0.519999980926514,0.518197632318547
6.114894,409,0.519999980926514,0.51759155321642
6.124581,410,0.519999980926514,0.518197632318547
6.133525,411,0.519999980926514,0.518197632318547
6.144112,412,0.519999980926514,0.518197632318547
6.152871,413,0.519999980926514,0.518197632318547
6.16152,414,0.519999980926514,0.518197632318547
6.17239,415,0.519999980926514,0.518197632318547
6.182405,416,0.519999980926514,0.51759155321642
6.1923,417,0.519999980926514,0.518197632318547
6.200785,418,0.519999980926514,0.518197632318547
6.209899,419,0.519999980926514,0.51759155321642
6.219841,420,0.519999980926514,0.518197632318547
6.23039,421,0.519999980926514,0.518197632318547
6.239577,422,0.519999980926514,0.51759155321642
6.249862,423,0.519999980926514,0.518197632318547
6.258742,424,0.519999980926514,0.51759155321642
6.267337,425,0.519999980926514,0.518197632318547
6.275756,426,0.519999980926514,0.518197632318547
6.284947,427,0.519999980926514,0.518197632318547
6.295468,428,0.519999980926514,0.51759155321642
6.30581,429,0.519999980926514,0.518197632318547
6.316236,430,0.519999980926514,0.518197632318547
6.325464,431,0.519999980926514,0.518197632318547
6.336625,432,0.519999980926514,0.51759155321642
6.345907,433,0.519999980926514,0.518197632318547
6.354308,434,0.519999980926514,0.51759155321642
6.364644,435,0.519999980926514,0.518197632318547
6.373912,436,0.519999980926514,0.51759155321642
6.383127,437,0.519999980926514,0.51759155321642
6.393743,438,0.519999980926514,0.51759155321642
6.402503,439,0.519999980926514,0.51759155321642
6.410859,440,0.519999980926514,0.51759155321642
6.420165,441,0.519999980926514,0.51759155321642
6.42936,442,0.519999980926514,0.51759155321642
6.438379,443,0.519999980926514,0.51759155321642
6.447567,444,0.519999980926514,0.51759155321642
6.458117,445,0.519999980926514,0.51759155321642
6.467166,446,0.519999980926514,0.51759155321642
6.476983,447,0.519999980926514,0.51759155321642
6.486124,448,0.519999980926514,0.518197632318547
6.495256,449,0.519999980926514,0.51759155321642
6.504668,450,0.519999980926514,0.51759155321642
6.515434,451,0.519999980926514,0.51759155321642
6.525,452,0.519999980926514,0.51759155321642
6.534425,453,0.519999980926514,0.51759155321642
6.54429,454,0.519999980926514,0.51759155321642
6.552902,455,0.519999980926514,0.51759155321642
6.561987,456,0.519999980926514,0.51759155321642
6.572477,457,0.519999980926514,0.51759155321642
6.581764,458,0.519999980926514,0.51759155321642
6.59039,459,0.519999980926514,0.51759155321642
6.599496,460,0.519999980926514,0.51759155321642
6.608343,461,0.519999980926514,0.51759155321642
6.618712,462,0.519999980926514,0.51759155321642
6.629483,463,0.519999980926514,0.518197632318547
6.638053,464,0.519999980926514,0.51759155321642
6.64744,465,0.519999980926514,0.51759155321642
6.656447,466,0.519999980926514,0.51759155321642
6.665793,467,0.519999980926514,0.51759155321642
6.675694,468,0.519999980926514,0.51759155321642
6.685637,469,0.519999980926514,0.51759155321642
6.694789,470,0.519999980926514,0.51759155321642
6.705629,471,0.519999980926514,0.51759155321642
6.715413,472,0.519999980926514,0.518197632318547
6.725356,473,0.519999980926514,0.51759155321642
6.736251,474,0.519999980926514,0.51759155321642
6.745987,475,0.519999980926514,0.51759155321642
6.755898,476,0.625,0.51759155321642
6.764911,477,0.625,0.51759155321642
6.774104,478,0.625,0.518197632318547
6.783274,479,0.625,0.521834106931308
6.793084,480,0.625,0.563047485875941
6.802371,481,0.625,0.563047485875941
6.811983,482,0.625,0.60910949763759
6.820435,483,0.625,0.618200684169494
6.831235,484,0.625,0.621837158782256
6.840707,485,0.625,0.62304931698651
6.849374,486,0.625,0.626079712497145
6.858926,487,0.625,0.627291870701399
6.867765,488,0.625,0.627897949803526
6.877202,489,0.625,0.627291870701399
6.887952,490,0.625,0.626079712497145
6.897252,491,0.625,0.626685791599272
6.906687,492,0.625,0.626079712497145
6.916862,493,0.625,0.626079712497145
6.926627,494,0.625,0.624867554292891
6.935303,495,0.625,0.624867554292891
6.944181,496,0.625,0.624261475190764
6.953687,497,0.625,0.623655396088637
6.963164,498,0.625,0.623655396088637
6.973951,499,0.625,0.623655396088637
6.983476,500,0.625,0.623655396088637
6.993165,501,0.625,0.62304931698651
7.00258,502,0.625,0.62304931698651
7.0111,503,0.625,0.622443237884383
7.019882,504,0.625,0.622443237884383
7.030195,505,0.625,0.62304931698651
7.039577,506,0.625,0.622443237884383
7.048085,507,0.625,0.62304931698651
7.058041,508,0.625,0.62304931698651
7.068131,509,0.625,0.62304931698651
7.078453,510,0.625,0.62304931698651
7.087536,511,0.625,0.62304931698651
7.096059,512,0.625,0.62304931698651
7.10632,513,0.625,0.62304931698651
7.115085,514,0.625,0.62304931698651
7.124096,515,0.625,0.62304931698651
7.13477,516,0.625,0.62304931698651
7.144522,517,0.625,0.62304931698651
7.153387,518,0.625,0.623655396088637
7.163722,519,0.625,0.623655396088637
7.173815,520,0.625,0.623655396088637
7.183779,521,0.625,0.623655396088637
7.192906,522,0.625,0.623655396088637
7.202487,523,0.625,0.623655396088637
7.211034,524,0.625,0.623655396088637
7.220139,525,0.625,0.623655396088637
7.230403,526,0.625,0.623655396088637
7.239406,527,0.625,0.623655396088637
7.248167,528,0.625,0.623655396088637
7.258718,529,0.625,0.623655396088637
7.268932,530,0.625,0.623655396088637
7.277338,531,0.625,0.623655396088637
7.285907,532,0.625,0.623655396088637
7.295015,533,0.625,0.623655396088637
7.305552,534,0.625,0.623655396088637
7.315487,535,0.625,0.623655396088637
7.325802,536,0.625,0.623655396088637
7.335008,537,0.625,0.623655396088637
7.344471,538,0.625,0.623655396088637
7.353305,539,0.625,0.623655396088637
7.363001,540,0.625,0.623655396088637
7.372162,541,0.625,0.623655396088637
7.38061,542,0.625,0.623655396088637
7.39149,543,0.625,0.623655396088637
7.400804,544,0.625,0.623655396088637
7.409758,545,0.625,0.623655396088637
7.419384,546,0.625,0.623655396088637
7.428687,547,0.625,0.624261475190764
7.437978,548,0.625,0.623655396088637
7.447096,549,0.625,0.623655396088637
7.455688,550,0.625,0.623655396088637
7.465126,551,0.625,0.624261475190764
7.475858,552,0.625,0.623655396088637
7.485771,553,0.625,0.624261475190764
7.495062,554,0.625,0.623655396088637
7.503415,555,0.625,0.623655396088637
7.512483,556,0.625,0.623655396088637
7.521564,557,0.625,0.623655396088637
7.530021,558,0.625,0.623655396088637
7.538716,559,0.625,0.624261475190764
7.547752,560,0.625,0.623655396088637
7.556288,561,0.625,0.623655396088637
7.565236,562,0.625,0.624261475190764
7.574342,563,0.625,0.624261475190764
7.584836,564,0.625,0.623655396088637
7.595521,565,0.625,0.623655396088637
7.606375,566,0.625,0.623655396088637
7.616867,567,0.625,0.623655396088637
7.626129,568,0.625,0.623655396088637
7.635662,569,0.625,0.623655396088637
7.646229,570,0.625,0.623655396088637
7.657235,571,0.625,0.624261475190764
7.666545,572,0.625,0.623655396088637
7.674891,573,0.625,0.623655396088637
7.685216,574,0.625,0.624261475190764
7.69556,575,0.625,0.624261475190764
7.705544,576,0.625,0.623655396088637
7.714918,577,0.625,0.623655396088637
7.723979,578,0.625,0.623655396088637
7.732371,579,0.625,0.623655396088637
7.741564,580,0.625,0.623655396088637
7.751045,581,0.625,0.624261475190764
7.76052,582,0.625,0.623655396088637
7.769944,583,0.625,0.624261475190764
7.778987,584,0.625,0.624261475190764
7.788473,585,0.625,0.624261475190764
7.798577,586,0.625,0.623655396088637
7.807158,587,0.625,0.624261475190764
7.817037,588,0.625,0.624261475190764
7.826586,589,0.625,0.624261475190764
7.836302,590,0.625,0.624261475190764
7.845125,591,0.625,0.624261475190764
7.855597,592,0.625,0.623655396088637
7.864112,593,0.625,0.624261475190764
7.872615,594,0.625,0.624261475190764
7.882534,595,0.625,0.624261475190764
7.89242,596,0.625,0.623655396088637
7.900947,597,0.625,0.624261475190764
7.911441,598,0.625,0.624261475190764
7.921173,599,0.625,0.624261475190764
7.930463,600,0.625,0.623655396088637
7.940627,601,0.625,0.623655396088637
7.950696,602,0.625,0.624261475190764
7.961953,603,0.625,0.624261475190764
7.972705,604,0.625,0.623655396088637
7.98429,605,0.625,0.624261475190764
7.995046,606,0.625,0.624261475190764
8.004514,607,0.625,0.624261475190764
8.015107,608,0.625,0.624261475190764
8.024974,609,0.625,0.623655396088637
8.033958,610,0.625,0.623655396088637
8.044152,611,0.625,0.624261475190764
8.052856,612,0.625,0.624261475190764
8.061794,613,0.625,0.624261475190764
8.070449,614,0.625,0.624261475190764
8.080068,615,0.625,0.624261475190764
8.089629,616,0.625,0.623655396088637
8.098597,617,0.625,0.623655396088637
8.10886,618,0.625,0.624261475190764
8.119653,619,0.625,0.624261475190764
8.129824,620,0.625,0.623655396088637
8.138753,621,0.625,0.623655396088637
8.147122,622,0.625,0.624261475190764
8.157918,623,0.625,0.624261475190764
8.167061,624,0.625,0.624261475190764
8.176526,625,0.625,0.623655396088637
8.186796,626,0.625,0.624261475190764
8.196881,627,0.625,0.624261475190764
8.206969,628,0.625,0.624261475190764
8.215556,629,0.625,0.624261475190764
8.225452,630,0.625,0.624261475190764
8.234952,631,0.625,0.624261475190764
8.245255,632,0.625,0.624261475190764
8.255259,633,0.625,0.624261475190764
8.265373,634,0.625,0.624261475190764
8.274827,635,0.625,0.624261475190764
8.285302,636,0.625,0.624261475190764
8.294042,637,0.625,0.624261475190764
8.302917,638,0.625,0.624261475190764
8.311918,639,0.625,0.624261475190764
8.321118,640,0.625,0.624261475190764
8.331913,641,0.625,0.624261475190764
8.342258,642,0.625,0.624261475190764
8.350712,643,0.625,0.623655396088637
8.360031,644,0.625,0.624261475190764
8.369534,645,0.625,0.624261475190764
8.379946,646,0.625,0.624261475190764
8.388356,647,0.625,0.624261475190764
8.397182,648,0.625,0.624261475190764
8.407366,649,0.625,0.624261475190764
8.417514,650,0.625,0.623655396088637
8.426426,651,0.625,0.624261475190764
8.435853,652,0.625,0.623655396088637
8.445168,653,0.625,0.624261475190764
8.454787,654,0.625,0.624261475190764
8.463755,655,0.625,0.624261475190764
8.474474,656,0.625,0.624261475190764
8.483916,657,0.625,0.624261475190764
8.493034,658,0.625,0.624261475190764
8.502997,659,0.625,0.624261475190764
8.512057,660,0.625,0.624261475190764
8.522185,661,0.625,0.624261475190764
8.530518,662,0.625,0.624261475190764
8.540568,663,0.625,0.624261475190764
8.551316,664,0.625,0.624261475190764
8.561088,665,0.625,0.623655396088637
8.569894,666,0.625,0.624261475190764
8.579369,667,0.625,0.624261475190764
8.587943,668,0.625,0.623655396088637
8.597884,669,0.625,0.624261475190764
8.608852,670,0.625,0.624261475190764
8.618334,671,0.625,0.624261475190764
8.628154,672,0.625,0.624261475190764
8.637561,673,0.625,0.624261475190764
8.645977,674,0.625,0.624261475190764
8.656144,675,0.625,0.624261475190764
8.665221,676,0.625,0.624261475190764
8.674835,677,0.625,0.624261475190764
8.684585,678,0.625,0.624261475190764
8.693979,679,0.625,0.624261475190764
8.702967,680,0.625,0.624261475190764
8.711633,681,0.625,0.624261475190764
8.72011,682,0.625,0.623655396088637
8.729176,683,0.625,0.624261475190764
8.739842,684,0.625,0.624261475190764
8.749069,685,0.625,0.624261475190764
8.758424,686,0.625,0.624261475190764
8.76782,687,0.625,0.624261475190764
8.777957,688,0.625,0.623655396088637
8.787877,689,0.625,0.624261475190764
8.797425,690,0.625,0.624261475190764
8.80664,691,0.625,0.624261475190764
8.815551,692,0.625,0.624261475190764
8.823984,693,0.625,0.624261475190764
8.833828,694,0.625,0.624261475190764
8.843275,695,0.625,0.624261475190764
8.852489,696,0.625,0.624261475190764
8.862043,697,0.625,0.624261475190764
8.871417,698,0.625,0.624261475190764
8.881436,699,0.625,0.623655396088637
8.89173,700,0.625,0.624261475190764
8.900594,701,0.625,0.624261475190764
8.910978,702,0.625,0.624261475190764
8.91959,703,0.625,0.624261475190764
8.928871,704,0.625,0.624261475190764
8.937743,705,0.625,0.624261475190764
8.947507,706,0.625,0.624261475190764
8.957169,707,0.625,0.624261475190764
8.96719,708,0.625,0.624261475190764
8.975561,709,0.625,0.624261475190764
8.984777,710,0.625,0.624261475190764
8.994282,711,0.625,0.624261475190764
9.005305,712,0.625,0.624261475190764
9.015832,713,0.625,0.624261475190764
9.02628,714,0.625,0.624261475190764
9.035963,715,0.625,0.623655396088637
9.045703,716,0.625,0.624261475190764
9.05602,717,0.625,0.624261475190764
9.065905,718,0.625,0.624261475190764
9.076209,719,0.625,0.624261475190764
9.084996,720,0.625,0.624261475190764
9.09523,721,0.625,0.624261475190764
9.103862,722,0.625,0.624261475190764
9.113896,723,0.625,0.624261475190764
9.123599,724,0.625,0.624261475190764
9.13276,725,0.625,0.624261475190764
9.141929,726,0.625,0.624261475190764
9.151999,727,0.625,0.624261475190764
9.161013,728,0.625,0.624261475190764
9.170765,729,0.625,0.624261475190764
9.180918,730,0.625,0.624261475190764
9.19038,731,0.625,0.624261475190764
9.201043,732,0.625,0.624261475190764
9.210423,733,0.625,0.624261475190764
9.219446,734,0.625,0.624261475190764
9.231005,735,0.625,0.624261475190764
9.240351,736,0.625,0.624261475190764
9.249346,737,0.625,0.624261475190764
9.259238,738,0.625,0.624261475190764
9.268139,739,0.625,0.624261475190764
9.277297,740,0.625,0.624261475190764
9.285902,741,0.625,0.624261475190764
9.294687,742,0.625,0.624261475190764
9.304262,743,0.625,0.624261475190764
9.313628,744,0.625,0.623655396088637
9.322735,745,0.625,0.624261475190764
9.332212,746,0.625,0.624261475190764
9.341148,747,0.625,0.624261475190764
9.350312,748,0.625,0.624261475190764
9.35947,749,0.625,0.624261475190764
9.369719,750,0.625,0.624261475190764
9.379908,751,0.625,0.624261475190764
9.388318,752,0.625,0.624261475190764
9.398359,753,0.625,0.624261475190764
9.407656,754,0.625,0.624261475190764
9.41785,755,0.625,0.624261475190764
9.428991,756,0.625,0.624261475190764
9.438016,757,0.625,0.624261475190764
9.44709,758,0.625,0.624261475190764
9.457133,759,0.625,0.624261475190764
9.467504,760,0.625,0.624261475190764
9.477184,761,0.625,0.624261475190764
9.486384,762,0.625,0.624261475190764
9.495261,763,0.625,0.624261475190764
9.504165,764,0.625,0.624261475190764
9.514222,765,0.625,0.624261475190764
9.523957,766,0.625,0.624261475190764
9.534201,767,0.625,0.624261475190764
9.543984,768,0.625,0.624261475190764
9.553225,769,0.625,0.624261475190764
9.562487,770,0.625,0.624261475190764
9.571699,771,0.625,0.624261475190764
9.580154,772,0.625,0.624261475190764
9.589454,773,0.625,0.624261475190764
9.599167,774,0.625,0.624261475190764
9.609582,775,0.625,0.624261475190764
9.619756,776,0.625,0.624261475190764
9.628903,777,0.625,0.624261475190764
9.638695,778,0.625,0.624261475190764
9.648092,779,0.625,0.624261475190764
9.65756,780,0.625,0.624261475190764
9.666872,781,0.625,0.624261475190764
9.676648,782,0.625,0.624261475190764
9.686058,783,0.625,0.624261475190764
9.694558,784,0.625,0.624261475190764
9.703263,785,0.625,0.624261475190764
9.71174,786,0.625,0.624261475190764
9.720313,787,0.625,0.624261475190764
9.730583,788,0.625,0.624261475190764
9.739064,789,0.625,0.624261475190764
9.748896,790,0.625,0.624261475190764
9.758444,791,0.625,0.624261475190764
9.76762,792,0.625,0.624261475190764
9.777198,793,0.625,0.624261475190764
9.786583,794,0.625,0.624261475190764
9.795976,795,0.625,0.624261475190764
9.806034,796,0.625,0.624261475190764
9.815909,797,0.625,0.624261475190764
9.824928,798,0.625,0.624261475190764
9.834242,799,0.625,0.624261475190764
9.84458,800,0.625,0.624261475190764
9.853042,801,0.625,0.623655396088637
9.862853,802,0.625,0.624261475190764
9.87236,803,0.625,0.624261475190764
9.881514,804,0.625,0.624261475190764
9.891847,805,0.625,0.624261475190764
9.900794,806,0.625,0.624261475190764
9.909282,807,0.625,0.624261475190764
9.918492,808,0.625,0.624261475190764
9.928063,809,0.625,0.624261475190764
9.937824,810,0.625,0.624261475190764
9.94674,811,0.625,0.624261475190764
9.955429,812,0.625,0.624261475190764
9.964632,813,0.625,0.624261475190764
9.975174,814,0.625,0.624261475190764
9.985201,815,0.625,0.624261475190764
9.994023,816,0.625,0.624261475190764
10.00284,817,0.625,0.623655396088637
10.01223,818,0.625,0.623655396088637
10.02672,819,0.625,0.623655396088637
10.03642,820,0.625,0.623655396088637
10.04699,821,0.625,0.623655396088637
10.05726,822,0.625,0.623655396088637
10.06768,823,0.625,0.623655396088637
10.07804,824,0.625,0.623655396088637
10.0879,825,0.625,0.623655396088637
10.09732,826,0.625,0.623655396088637
10.10762,827,0.625,0.623655396088637
10.11702,828,0.625,0.623655396088637
10.12639,829,0.625,0.623655396088637
10.13564,830,0.625,0.623655396088637
10.14655,831,0.625,0.62304931698651
10.15572,832,0.625,0.62304931698651
10.16575,833,0.625,0.623655396088637
10.17609,834,0.625,0.623655396088637
10.18554,835,0.625,0.62304931698651
10.19497,836,0.625,0.62304931698651
10.20438,837,0.625,0.623655396088637
10.21343,838,0.625,0.623655396088637
10.22206,839,0.625,0.623655396088637
10.23065,840,0.625,0.62304931698651
10.24015,841,0.625,0.623655396088637
10.24975,842,0.625,0.62304931698651
10.26042,843,0.625,0.62304931698651
10.27007,844,0.625,0.62304931698651
10.27879,845,0.625,0.623655396088637
10.28913,846,0.625,0.62304931698651
10.29746,847,0.625,0.62304931698651
10.30862,848,0.625,0.62304931698651
10.31885,849,0.625,0.62304931698651
10.32912,850,0.625,0.62304931698651
10.3383,851,0.625,0.62304931698651
10.34752,852,0.625,0.62304931698651
10.35723,853,0.625,0.62304931698651
10.368,854,0.625,0.62304931698651
10.37819,855,0.625,0.62304931698651
10.38765,856,0.625,0.62304931698651
10.39638,857,0.625,0.623655396088637
10.40662,858,0.625,0.62304931698651
10.41647,859,0.625,0.62304931698651
10.42772,860,0.625,0.623655396088637
10.43683,861,0.625,0.62304931698651
10.44718,862,0.625,0.62304931698651
10.45735,863,0.625,0.62304931698651
10.46751,864,0.625,0.62304931698651
10.47823,865,0.625,0.62304931698651
10.48685,866,0.625,0.62304931698651
10.49639,867,0.625,0.623655396088637
10.50666,868,0.625,0.623655396088637
10.51525,869,0.625,0.62304931698651
10.52561,870,0.625,0.62304931698651
10.53617,871,0.625,0.623655396088637
10.5458,872,0.625,0.62304931698651
10.55429,873,0.625,0.62304931698651
10.56263,874,0.625,0.62304931698651
10.57273,875,0.625,0.62304931698651
10.5819,876,0.625,0.62304931698651
10.59088,877,0.625,0.62304931698651
10.60022,878,0.625,0.623655396088637
10.61071,879,0.625,0.623655396088637
10.62044,880,0.625,0.62304931698651
10.62914,881,0.625,0.623655396088637
10.63858,882,0.625,0.623655396088637
10.64701,883,0.625,0.62304931698651
10.65682,884,0.625,0.62304931698651
10.66808,885,0.625,0.623655396088637
10.67725,886,0.625,0.62304931698651
10.68741,887,0.625,0.623655396088637
10.69644,888,0.625,0.623655396088637
10.70638,889,0.625,0.623655396088637
10.71707,890,0.625,0.623655396088637
10.7266,891,0.625,0.623655396088637
10.73587,892,0.625,0.623655396088637
10.7455,893,0.625,0.623655396088637
10.75972,894,0.625,0.623655396088637
10.77115,895,0.625,0.623655396088637
10.78125,896,0.625,0.623655396088637
10.79038,897,0.625,0.62304931698651
10.79932,898,0.625,0.623655396088637
10.80946,899,0.625,0.623655396088637
10.81945,900,0.625,0.623655396088637
10.83171,901,0.625,0.623655396088637
10.84148,902,0.625,0.623655396088637
10.8503,903,0.625,0.623655396088637
10.86081,904,0.625,0.623655396088637
10.86961,905,0.625,0.623655396088637
10.87986,906,0.625,0.623655396088637
10.88975,907,0.625,0.623655396088637
10.89936,908,0.625,0.623655396088637
10.90836,909,0.625,0.623655396088637
10.91835,910,0.625,0.623655396088637
10.92806,911,0.625,0.624261475190764
10.93664,912,0.625,0.623655396088637
10.94637,913,0.625,0.623655396088637
10.95532,914,0.625,0.623655396088637
10.96512,915,0.625,0.623655396088637
10.97394,916,0.625,0.623655396088637
10.98367,917,0.625,0.623655396088637
10.99252,918,0.625,0.623655396088637
11.00319,919,0.625,0.623655396088637
11.01329,920,0.625,0.623655396088637
11.02274,921,0.625,0.623655396088637
11.03206,922,0.625,0.623655396088637
11.04081,923,0.625,0.623655396088637
11.051,924,0.625,0.623655396088637
11.06217,925,0.625,0.623655396088637
11.07254,926,0.625,0.623655396088637
11.08099,927,0.625,0.623655396088637
11.08973,928,0.625,0.624261475190764
11.10052,929,0.625,0.624261475190764
11.10896,930,0.625,0.623655396088637
11.11833,931,0.625,0.623655396088637
11.12787,932,0.625,0.623655396088637
11.1369,933,0.625,0.623655396088637
11.14535,934,0.625,0.624261475190764
11.15614,935,0.625,0.623655396088637
11.16502,936,0.625,0.624261475190764
11.17554,937,0.625,0.624261475190764
11.1846,938,0.625,0.624261475190764
11.19366,939,0.625,0.624261475190764
11.20246,940,0.625,0.624261475190764
11.21203,941,0.625,0.623655396088637
11.22229,942,0.625,0.624261475190764
11.23137,943,0.625,0.624261475190764
11.2403,944,0.625,0.624261475190764
11.25054,945,0.625,0.624261475190764
11.26084,946,0.625,0.623655396088637
11.27085,947,0.625,0.623655396088637
11.28206,948,0.625,0.624261475190764
11.29136,949,0.625,0.624261475190764
11.30128,950,0.625,0.624261475190764
11.31062,951,0.625,0.624261475190764
11.31963,952,0.625,0.623655396088637
11.32908,953,0.625,0.624261475190764
11.33976,954,0.625,0.624261475190764
11.34962,955,0.625,0.624261475190764
11.36048,956,0.625,0.623655396088637
11.37028,957,0.625,0.624261475190764
11.37946,958,0.625,0.624261475190764
11.38982,959,0.625,0.624261475190764
11.39843,960,0.625,0.624261475190764
11.40686,961,0.625,0.624261475190764
11.41528,962,0.625,0.624261475190764
11.42505,963,0.625,0.624261475190764
11.43395,964,0.625,0.624261475190764
11.4444,965,0.625,0.624261475190764
11.45422,966,0.625,0.624261475190764
11.46372,967,0.625,0.624261475190764
11.47309,968,0.625,0.624261475190764
11.48282,969,0.625,0.624261475190764
11.49209,970,0.625,0.624261475190764
11.50562,971,0.625,0.624261475190764
11.51393,972,0.625,0.624261475190764
11.52369,973,0.625,0.624261475190764
11.53305,974,0.625,0.624261475190764
11.5427,975,0.625,0.624261475190764
11.55311,976,0.625,0.624261475190764
11.5623,977,0.625,0.624261475190764
11.57117,978,0.625,0.624261475190764
11.58075,979,0.625,0.624261475190764
11.58964,980,0.625,0.624261475190764
11.59885,981,0.625,0.624261475190764
11.6081,982,0.625,0.624261475190764
11.61782,983,0.625,0.624261475190764
11.62766,984,0.625,0.624261475190764
11.63738,985,0.625,0.624261475190764
11.64576,986,0.625,0.624261475190764
11.65472,987,0.625,0.624261475190764
11.66458,988,0.625,0.624261475190764
11.67504,989,0.625,0.624261475190764
11.68447,990,0.625,0.624261475190764
11.69389,991,0.625,0.624261475190764
11.70405,992,0.625,0.624261475190764
11.71476,993,0.625,0.624261475190764
11.72393,994,0.625,0.624261475190764
11.73538,995,0.625,0.624261475190764
11.74552,996,0.625,0.624261475190764
11.75443,997,0.519999980926514,0.624261475190764
11.76441,998,0.519999980926514,0.624261475190764
11.77322,999,0.519999980926514,0.624261475190764
11.78244,1000,0.519999980926514,0.624261475190764
11.79134,1001,0.519999980926514,0.623655396088637
11.80083,1002,0.519999980926514,0.587896729063146
11.81011,1003,0.519999980926514,0.569108276897211
11.8194,1004,0.519999980926514,0.552138062037656
11.82842,1005,0.519999980926514,0.544865112812133
11.83767,1006,0.519999980926514,0.543046875505752
11.84737,1007,0.519999980926514,0.540622559097244
11.85783,1008,0.519999980926514,0.540016479995117
11.86729,1009,0.519999980926514,0.534561768075975
11.87685,1010,0.519999980926514,0.532137451667467
11.88632,1011,0.519999980926514,0.530925293463213
11.89587,1012,0.519999980926514,0.530319214361086
11.90449,1013,0.519999980926514,0.529107056156832
11.9142,1014,0.519999980926514,0.527894897952578
11.92415,1015,0.519999980926514,0.526076660646197
11.9335,1016,0.519999980926514,0.52547058154407
11.94284,1017,0.519999980926514,0.524864502441943
11.95288,1018,0.519999980926514,0.524258423339816
11.96206,1019,0.519999980926514,0.524258423339816
11.9709,1020,0.519999980926514,0.522440186033435
11.98028,1021,0.519999980926514,0.521834106931308
11.98942,1022,0.519999980926514,0.521834106931308
11.99943,1023,0.519999980926514,0.521834106931308
12.0094,1024,0.519999980926514,0.520621948727054
12.02012,1025,0.519999980926514,0.520621948727054
12.02877,1026,0.519999980926514,0.520015869624927
12.03811,1027,0.519999980926514,0.520015869624927
12.04773,1028,0.519999980926514,0.519409790522801
12.05668,1029,0.519999980926514,0.519409790522801
12.06518,1030,0.519999980926514,0.519409790522801
12.07635,1031,0.519999980926514,0.519409790522801
12.08537,1032,0.519999980926514,0.519409790522801
12.09407,1033,0.519999980926514,0.518803711420674
12.10327,1034,0.519999980926514,0.519409790522801
12.11264,1035,0.519999980926514,0.518803711420674
12.12138,1036,0.519999980926514,0.518803711420674
12.12974,1037,0.519999980926514,0.518803711420674
12.1403,1038,0.519999980926514,0.518803711420674
12.15034,1039,0.519999980926514,0.518197632318547
12.15921,1040,0.519999980926514,0.518803711420674
12.16828,1041,0.519999980926514,0.518197632318547
12.17791,1042,0.519999980926514,0.518803711420674
12.18782,1043,0.519999980926514,0.518197632318547
12.19648,1044,0.519999980926514,0.518197632318547
12.20542,1045,0.519999980926514,0.518197632318547
12.21515,1046,0.519999980926514,0.518197632318547
12.22538,1047,0.519999980926514,0.51759155321642
12.23505,1048,0.519999980926514,0.518197632318547
12.24492,1049,0.519999980926514,0.518197632318547
12.25427,1050,0.519999980926514,0.518197632318547
12.26471,1051,0.519999980926514,0.51759155321642
12.27333,1052,0.519999980926514,0.518197632318547
12.28243,1053,0.519999980926514,0.518197632318547
12.29303,1054,0.519999980926514,0.518197632318547
12.30388,1055,0.519999980926514,0.51759155321642
12.31232,1056,0.519999980926514,0.51759155321642
12.32271,1057,0.519999980926514,0.51759155321642
12.33108,1058,0.519999980926514,0.51759155321642
12.34109,1059,0.519999980926514,0.51759155321642
12.34952,1060,0.519999980926514,0.51759155321642
12.36122,1061,0.519999980926514,0.51759155321642
12.37054,1062,0.519999980926514,0.51759155321642
12.37934,1063,0.519999980926514,0.51759155321642
12.38948,1064,0.519999980926514,0.51759155321642
12.39971,1065,0.519999980926514,0.51759155321642
12.40998,1066,0.519999980926514,0.51759155321642
12.41907,1067,0.519999980926514,0.516985474114293
12.42863,1068,0.519999980926514,0.516985474114293
12.43819,1069,0.519999980926514,0.516985474114293
12.44781,1070,0.519999980926514,0.516985474114293
12.4564,1071,0.519999980926514,0.516985474114293
12.46721,1072,0.519999980926514,0.516985474114293
12.47787,1073,0.519999980926514,0.516985474114293
12.4876,1074,0.519999980926514,0.516985474114293
12.49764,1075,0.519999980926514,0.516985474114293
12.50718,1076,0.519999980926514,0.516379395012166
12.517,1077,0.519999980926514,0.516985474114293
12.52597,1078,0.519999980926514,0.516985474114293
12.53468,1079,0.519999980926514,0.516379395012166
12.54394,1080,0.519999980926514,0.516379395012166
12.5535,1081,0.519999980926514,0.516379395012166
12.5632,1082,0.519999980926514,0.516379395012166
12.57304,1083,0.519999980926514,0.516379395012166
12.58372,1084,0.519999980926514,0.516379395012166
12.59298,1085,0.519999980926514,0.516379395012166
12.60268,1086,0.519999980926514,0.516379395012166
12.61166,1087,0.519999980926514,0.516379395012166
12.62152,1088,0.519999980926514,0.515773315910039
12.63225,1089,0.519999980926514,0.515773315910039
12.64091,1090,0.519999980926514,0.515773315910039
12.64935,1091,0.519999980926514,0.515773315910039
12.65919,1092,0.519999980926514,0.515773315910039
12.66795,1093,0.519999980926514,0.515773315910039
12.67688,1094,0.519999980926514,0.515773315910039
12.68676,1095,0.519999980926514,0.515773315910039
12.69816,1096,0.519999980926514,0.515773315910039
12.70845,1097,0.519999980926514,0.515773315910039
12.71741,1098,0.519999980926514,0.515773315910039
12.72591,1099,0.519999980926514,0.515773315910039
12.7345,1100,0.519999980926514,0.515167236807912
12.74371,1101,0.519999980926514,0.515167236807912
12.75387,1102,0.519999980926514,0.515773315910039
12.76359,1103,0.519999980926514,0.515167236807912
12.77383,1104,0.519999980926514,0.515167236807912
12.78281,1105,0.519999980926514,0.515167236807912
12.79169,1106,0.519999980926514,0.515167236807912
12.80153,1107,0.519999980926514,0.515167236807912
12.811,1108,0.519999980926514,0.515167236807912
12.81992,1109,0.519999980926514,0.515167236807912
12.83016,1110,0.519999980926514,0.515167236807912
12.84097,1111,0.519999980926514,0.515167236807912
12.85068,1112,0.519999980926514,0.515167236807912
12.85978,1113,0.519999980926514,0.515167236807912
12.87029,1114,0.519999980926514,0.515167236807912
12.88034,1115,0.519999980926514,0.515167236807912
12.88899,1116,0.519999980926514,0.515167236807912
12.89768,1117,0.519999980926514,0.515167236807912
12.90797,1118,0.519999980926514,0.515167236807912
12.91675,1119,0.519999980926514,0.514561157705785
12.92623,1120,0.519999980926514,0.514561157705785
12.93553,1121,0.519999980926514,0.514561157705785
12.94471,1122,0.519999980926514,0.514561157705785
12.95407,1123,0.519999980926514,0.514561157705785
12.96413,1124,0.519999980926514,0.514561157705785
12.97469,1125,0.519999980926514,0.514561157705785
12.98495,1126,0.519999980926514,0.514561157705785
12.99461,1127,0.519999980926514,0.514561157705785
13.00719,1128,0.519999980926514,0.514561157705785
13.01573,1129,0.519999980926514,0.513955078603658
13.02684,1130,0.519999980926514,0.514561157705785
13.0354,1131,0.519999980926514,0.514561157705785
13.04531,1132,0.519999980926514,0.514561157705785
13.0539,1133,0.519999980926514,0.514561157705785
13.06392,1134,0.519999980926514,0.513955078603658
13.07375,1135,0.519999980926514,0.513955078603658
13.08365,1136,0.519999980926514,0.513955078603658
13.09477,1137,0.519999980926514,0.513955078603658
13.10348,1138,0.519999980926514,0.513955078603658
13.11354,1139,0.519999980926514,0.513955078603658
13.12328,1140,0.519999980926514,0.513955078603658
13.13336,1141,0.519999980926514,0.513955078603658
13.14384,1142,0.519999980926514,0.513955078603658
13.15264,1143,0.519999980926514,0.513955078603658
13.16223,1144,0.519999980926514,0.513348999501531
13.17205,1145,0.519999980926514,0.513955078603658
13.1806,1146,0.519999980926514,0.513348999501531
13.1902,1147,0.519999980926514,0.513348999501531
13.20075,1148,0.519999980926514,0.513348999501531
13.21186,1149,0.519999980926514,0.513348999501531
13.22028,1150,0.519999980926514,0.513348999501531
13.22871,1151,0.519999980926514,0.513348999501531
13.23772,1152,0.519999980926514,0.513348999501531
13.24636,1153,0.519999980926514,0.513348999501531
13.2562,1154,0.519999980926514,0.513348999501531
13.26973,1155,0.519999980926514,0.513348999501531
