Time [s] , Frame nr,Sent pressure 0,Received pressure 0
1.758672,0,0.519999980926514,0.505469971173881
1.761991,1,0.519999980926514,0.505469971173881
2.211409,2,0.519999980926514,0.505469971173881
2.229839,3,0.519999980926514,0.505469971173881
2.238272,4,0.519999980926514,0.51153076219515
2.248305,5,0.519999980926514,0.513348999501531
2.256704,6,0.519999980926514,0.514561157705785
2.265395,7,0.519999980926514,0.515167236807912
2.275313,8,0.519999980926514,0.515167236807912
2.285042,9,0.519999980926514,0.515773315910039
2.294705,10,0.519999980926514,0.516985474114293
2.303039,11,0.519999980926514,0.516985474114293
2.311679,12,0.519999980926514,0.51759155321642
2.321058,13,0.519999980926514,0.51759155321642
2.330506,14,0.519999980926514,0.51759155321642
2.339421,15,0.519999980926514,0.51759155321642
2.347815,16,0.519999980926514,0.51759155321642
2.356295,17,0.519999980926514,0.518197632318547
2.365614,18,0.519999980926514,0.518197632318547
2.376466,19,0.519999980926514,0.518803711420674
2.385372,20,0.519999980926514,0.518197632318547
2.394702,21,0.519999980926514,0.518197632318547
2.403725,22,0.519999980926514,0.518197632318547
2.413906,23,0.519999980926514,0.518197632318547
2.422408,24,0.519999980926514,0.518197632318547
2.433403,25,0.519999980926514,0.518197632318547
2.442086,26,0.519999980926514,0.518803711420674
2.451978,27,0.519999980926514,0.518197632318547
2.462111,28,0.519999980926514,0.518803711420674
2.47047,29,0.519999980926514,0.518803711420674
2.479502,30,0.519999980926514,0.518197632318547
2.48901,31,0.519999980926514,0.518803711420674
2.497539,32,0.519999980926514,0.518803711420674
2.505788,33,0.519999980926514,0.518803711420674
2.515327,34,0.519999980926514,0.518197632318547
2.525325,35,0.519999980926514,0.518197632318547
2.535974,36,0.519999980926514,0.518803711420674
2.546206,37,0.519999980926514,0.518803711420674
2.555549,38,0.519999980926514,0.518197632318547
2.564684,39,0.519999980926514,0.518197632318547
2.575341,40,0.519999980926514,0.518197632318547
2.583768,41,0.519999980926514,0.518197632318547
2.592624,42,0.519999980926514,0.518197632318547
2.601156,43,0.519999980926514,0.518197632318547
2.611134,44,0.519999980926514,0.518197632318547
2.621361,45,0.519999980926514,0.518197632318547
2.629625,46,0.519999980926514,0.518197632318547
2.639962,47,0.519999980926514,0.518197632318547
2.64995,48,0.519999980926514,0.518197632318547
2.659832,49,0.519999980926514,0.51759155321642
2.669804,50,0.519999980926514,0.518197632318547
2.680701,51,0.519999980926514,0.518197632318547
2.691032,52,0.519999980926514,0.518197632318547
2.701279,53,0.519999980926514,0.518197632318547
2.709922,54,0.519999980926514,0.518197632318547
2.718338,55,0.519999980926514,0.51759155321642
2.728773,56,0.519999980926514,0.518197632318547
2.737595,57,0.519999980926514,0.51759155321642
2.746387,58,0.519999980926514,0.51759155321642
2.755107,59,0.519999980926514,0.518197632318547
2.765342,60,0.519999980926514,0.518197632318547
2.775149,61,0.519999980926514,0.518197632318547
2.784969,62,0.519999980926514,0.518197632318547
2.794072,63,0.519999980926514,0.51759155321642
2.802813,64,0.519999980926514,0.518197632318547
2.811768,65,0.519999980926514,0.51759155321642
2.820467,66,0.519999980926514,0.51759155321642
2.830701,67,0.519999980926514,0.51759155321642
2.84088,68,0.519999980926514,0.51759155321642
2.851095,69,0.519999980926514,0.51759155321642
2.861257,70,0.519999980926514,0.51759155321642
2.870376,71,0.519999980926514,0.51759155321642
2.880769,72,0.519999980926514,0.51759155321642
2.890119,73,0.519999980926514,0.51759155321642
2.900203,74,0.519999980926514,0.51759155321642
2.910494,75,0.519999980926514,0.51759155321642
2.920686,76,0.519999980926514,0.51759155321642
2.929591,77,0.519999980926514,0.51759155321642
2.941028,78,0.519999980926514,0.51759155321642
2.950201,79,0.519999980926514,0.51759155321642
2.960515,80,0.519999980926514,0.51759155321642
2.968862,81,0.519999980926514,0.51759155321642
2.978211,82,0.519999980926514,0.51759155321642
2.98783,83,0.519999980926514,0.51759155321642
2.998602,84,0.519999980926514,0.51759155321642
3.0073,85,0.519999980926514,0.51759155321642
3.016451,86,0.519999980926514,0.51759155321642
3.025018,87,0.519999980926514,0.51759155321642
3.035109,88,0.519999980926514,0.51759155321642
3.045184,89,0.519999980926514,0.51759155321642
3.054307,90,0.519999980926514,0.51759155321642
3.063557,91,0.519999980926514,0.51759155321642
3.072389,92,0.519999980926514,0.51759155321642
3.081093,93,0.519999980926514,0.51759155321642
3.091374,94,0.519999980926514,0.51759155321642
3.101488,95,0.519999980926514,0.51759155321642
3.111969,96,0.519999980926514,0.516985474114293
3.121749,97,0.519999980926514,0.51759155321642
3.130096,98,0.519999980926514,0.51759155321642
3.139354,99,0.519999980926514,0.51759155321642
3.147969,100,0.519999980926514,0.51759155321642
3.15798,101,0.519999980926514,0.51759155321642
3.167535,102,0.519999980926514,0.51759155321642
3.177183,103,0.519999980926514,0.51759155321642
3.185653,104,0.519999980926514,0.51759155321642
3.195907,105,0.519999980926514,0.51759155321642
3.204623,106,0.519999980926514,0.51759155321642
3.214543,107,0.519999980926514,0.51759155321642
3.22444,108,0.519999980926514,0.51759155321642
3.232951,109,0.519999980926514,0.51759155321642
3.242434,110,0.519999980926514,0.51759155321642
3.25108,111,0.519999980926514,0.51759155321642
3.261436,112,0.519999980926514,0.51759155321642
3.270214,113,0.519999980926514,0.51759155321642
3.281471,114,0.519999980926514,0.51759155321642
3.290896,115,0.519999980926514,0.51759155321642
3.300979,116,0.519999980926514,0.51759155321642
3.311568,117,0.519999980926514,0.51759155321642
3.32108,118,0.519999980926514,0.51759155321642
3.329691,119,0.519999980926514,0.51759155321642
3.339463,120,0.519999980926514,0.51759155321642
3.348484,121,0.519999980926514,0.51759155321642
3.359252,122,0.519999980926514,0.51759155321642
3.367766,123,0.519999980926514,0.51759155321642
3.378124,124,0.519999980926514,0.51759155321642
3.387383,125,0.519999980926514,0.51759155321642
3.397586,126,0.519999980926514,0.51759155321642
3.405905,127,0.519999980926514,0.51759155321642
3.414433,128,0.519999980926514,0.51759155321642
3.424555,129,0.519999980926514,0.51759155321642
3.433186,130,0.519999980926514,0.51759155321642
3.442249,131,0.519999980926514,0.51759155321642
3.451658,132,0.519999980926514,0.51759155321642
3.462228,133,0.519999980926514,0.51759155321642
3.472322,134,0.519999980926514,0.51759155321642
3.480979,135,0.519999980926514,0.51759155321642
3.489798,136,0.519999980926514,0.51759155321642
3.500892,137,0.519999980926514,0.51759155321642
3.51037,138,0.519999980926514,0.51759155321642
3.518712,139,0.519999980926514,0.51759155321642
3.529589,140,0.519999980926514,0.51759155321642
3.537988,141,0.519999980926514,0.51759155321642
3.547676,142,0.519999980926514,0.51759155321642
3.557967,143,0.519999980926514,0.51759155321642
3.567336,144,0.519999980926514,0.51759155321642
3.577634,145,0.519999980926514,0.51759155321642
3.585954,146,0.519999980926514,0.51759155321642
3.59617,147,0.519999980926514,0.51759155321642
3.605162,148,0.519999980926514,0.51759155321642
3.61551,149,0.519999980926514,0.51759155321642
3.624565,150,0.519999980926514,0.51759155321642
3.6349,151,0.519999980926514,0.51759155321642
3.643291,152,0.519999980926514,0.51759155321642
3.651913,153,0.519999980926514,0.51759155321642
3.66056,154,0.519999980926514,0.518197632318547
3.670705,155,0.519999980926514,0.51759155321642
3.680303,156,0.519999980926514,0.51759155321642
3.68856,157,0.519999980926514,0.51759155321642
3.697146,158,0.519999980926514,0.51759155321642
3.707427,159,0.519999980926514,0.51759155321642
3.717447,160,0.519999980926514,0.51759155321642
3.725933,161,0.519999980926514,0.518197632318547
3.734962,162,0.519999980926514,0.51759155321642
3.744683,163,0.519999980926514,0.51759155321642
3.753621,164,0.519999980926514,0.51759155321642
3.762068,165,0.519999980926514,0.51759155321642
3.771362,166,0.519999980926514,0.51759155321642
3.782212,167,0.519999980926514,0.51759155321642
3.791292,168,0.519999980926514,0.51759155321642
3.801495,169,0.519999980926514,0.51759155321642
3.812008,170,0.519999980926514,0.51759155321642
3.822126,171,0.519999980926514,0.518197632318547
3.831458,172,0.519999980926514,0.51759155321642
3.841801,173,0.519999980926514,0.51759155321642
3.850417,174,0.519999980926514,0.51759155321642
3.860583,175,0.519999980926514,0.51759155321642
3.868995,176,0.519999980926514,0.51759155321642
3.877681,177,0.519999980926514,0.51759155321642
3.887744,178,0.519999980926514,0.51759155321642
3.896523,179,0.519999980926514,0.51759155321642
3.906866,180,0.519999980926514,0.51759155321642
3.9171,181,0.519999980926514,0.51759155321642
3.927233,182,0.519999980926514,0.518197632318547
3.936302,183,0.519999980926514,0.51759155321642
3.945874,184,0.519999980926514,0.51759155321642
3.954441,185,0.519999980926514,0.51759155321642
3.963529,186,0.519999980926514,0.518197632318547
3.972001,187,0.519999980926514,0.518197632318547
3.982203,188,0.519999980926514,0.518197632318547
3.990839,189,0.519999980926514,0.518197632318547
3.999385,190,0.519999980926514,0.518197632318547
4.009617,191,0.519999980926514,0.51759155321642
4.019552,192,0.519999980926514,0.51759155321642
4.028535,193,0.519999980926514,0.518197632318547
4.038258,194,0.519999980926514,0.518197632318547
4.048538,195,0.519999980926514,0.51759155321642
4.060053,196,0.519999980926514,0.518197632318547
4.070503,197,0.519999980926514,0.518197632318547
4.07904,198,0.519999980926514,0.518197632318547
4.089157,199,0.519999980926514,0.51759155321642
4.097867,200,0.519999980926514,0.518197632318547
4.108126,201,0.519999980926514,0.51759155321642
4.116667,202,0.519999980926514,0.518197632318547
4.126049,203,0.519999980926514,0.51759155321642
4.134802,204,0.519999980926514,0.518197632318547
4.143598,205,0.519999980926514,0.518197632318547
4.15223,206,0.519999980926514,0.51759155321642
4.162323,207,0.519999980926514,0.518197632318547
4.171317,208,0.519999980926514,0.518197632318547
4.181639,209,0.519999980926514,0.518197632318547
4.192029,210,0.519999980926514,0.518197632318547
4.200908,211,0.519999980926514,0.51759155321642
4.21098,212,0.519999980926514,0.518197632318547
4.221246,213,0.519999980926514,0.518197632318547
4.230721,214,0.519999980926514,0.518197632318547
4.239683,215,0.519999980926514,0.518197632318547
4.249784,216,0.519999980926514,0.518197632318547
4.25991,217,0.519999980926514,0.518197632318547
4.268919,218,0.519999980926514,0.518197632318547
4.279417,219,0.519999980926514,0.518197632318547
4.289536,220,0.519999980926514,0.518197632318547
4.29971,221,0.519999980926514,0.51759155321642
4.308484,222,0.519999980926514,0.518197632318547
4.31696,223,0.519999980926514,0.518197632318547
4.327004,224,0.519999980926514,0.518197632318547
4.336447,225,0.519999980926514,0.518197632318547
4.346532,226,0.519999980926514,0.518197632318547
4.356833,227,0.519999980926514,0.518197632318547
4.365279,228,0.519999980926514,0.518197632318547
4.374405,229,0.519999980926514,0.51759155321642
4.383373,230,0.519999980926514,0.518197632318547
4.392032,231,0.519999980926514,0.518197632318547
4.40233,232,0.519999980926514,0.518197632318547
4.41086,233,0.519999980926514,0.518197632318547
4.421193,234,0.519999980926514,0.518197632318547
4.431668,235,0.519999980926514,0.518197632318547
4.441944,236,0.519999980926514,0.518197632318547
4.452756,237,0.519999980926514,0.518197632318547
4.462352,238,0.519999980926514,0.518197632318547
4.470642,239,0.519999980926514,0.518197632318547
4.479218,240,0.519999980926514,0.518197632318547
4.487566,241,0.519999980926514,0.518197632318547
4.497686,242,0.519999980926514,0.518197632318547
4.506186,243,0.519999980926514,0.518197632318547
4.514987,244,0.519999980926514,0.518197632318547
4.523917,245,0.519999980926514,0.51759155321642
4.533153,246,0.519999980926514,0.518197632318547
4.54316,247,0.519999980926514,0.518197632318547
4.552495,248,0.519999980926514,0.518197632318547
4.561293,249,0.519999980926514,0.518197632318547
4.570886,250,0.519999980926514,0.518197632318547
4.580065,251,0.519999980926514,0.518197632318547
4.588486,252,0.519999980926514,0.518197632318547
4.59692,253,0.519999980926514,0.518197632318547
4.605529,254,0.519999980926514,0.518197632318547
4.615761,255,0.519999980926514,0.518197632318547
4.625811,256,0.519999980926514,0.518197632318547
4.634739,257,0.519999980926514,0.518197632318547
4.64499,258,0.519999980926514,0.518197632318547
4.65401,259,0.519999980926514,0.518197632318547
4.664382,260,0.519999980926514,0.518197632318547
4.67342,261,0.519999980926514,0.518197632318547
4.683266,262,0.519999980926514,0.518197632318547
4.694101,263,0.519999980926514,0.518197632318547
4.702548,264,0.519999980926514,0.518197632318547
4.712694,265,0.519999980926514,0.518197632318547
4.722866,266,0.519999980926514,0.518197632318547
4.731643,267,0.519999980926514,0.518197632318547
4.741471,268,0.519999980926514,0.518197632318547
4.750517,269,0.519999980926514,0.518197632318547
4.760074,270,0.519999980926514,0.518197632318547
4.769744,271,0.519999980926514,0.518197632318547
4.7793,272,0.519999980926514,0.518197632318547
4.787818,273,0.519999980926514,0.518197632318547
4.798248,274,0.519999980926514,0.518197632318547
4.807832,275,0.519999980926514,0.518197632318547
4.816442,276,0.519999980926514,0.518197632318547
4.825346,277,0.519999980926514,0.518197632318547
4.833884,278,0.519999980926514,0.518197632318547
4.84433,279,0.519999980926514,0.518197632318547
4.85464,280,0.519999980926514,0.518197632318547
4.863318,281,0.519999980926514,0.518197632318547
4.871877,282,0.519999980926514,0.518197632318547
4.880651,283,0.519999980926514,0.518197632318547
4.890769,284,0.519999980926514,0.518197632318547
4.900455,285,0.519999980926514,0.518197632318547
4.909528,286,0.519999980926514,0.518197632318547
4.919645,287,0.519999980926514,0.518197632318547
4.929976,288,0.519999980926514,0.518197632318547
4.940207,289,0.519999980926514,0.518197632318547
4.948678,290,0.519999980926514,0.518197632318547
4.958311,291,0.519999980926514,0.518197632318547
4.968237,292,0.519999980926514,0.518197632318547
4.976637,293,0.519999980926514,0.518197632318547
4.986876,294,0.519999980926514,0.518197632318547
4.995328,295,0.519999980926514,0.518197632318547
5.00534,296,0.519999980926514,0.518197632318547
5.014735,297,0.519999980926514,0.518197632318547
5.023976,298,0.519999980926514,0.518197632318547
5.032668,299,0.519999980926514,0.518197632318547
5.042776,300,0.519999980926514,0.518197632318547
5.05278,301,0.519999980926514,0.518197632318547
5.061713,302,0.519999980926514,0.518197632318547
5.072704,303,0.519999980926514,0.518197632318547
5.081306,304,0.519999980926514,0.518197632318547
5.091424,305,0.519999980926514,0.518197632318547
5.100223,306,0.519999980926514,0.518197632318547
5.110277,307,0.519999980926514,0.518197632318547
5.121202,308,0.519999980926514,0.518197632318547
5.132353,309,0.519999980926514,0.518197632318547
5.141194,310,0.519999980926514,0.518197632318547
5.151432,311,0.519999980926514,0.518197632318547
5.161616,312,0.519999980926514,0.518197632318547
5.170376,313,0.519999980926514,0.518197632318547
5.180536,314,0.519999980926514,0.518197632318547
5.190466,315,0.519999980926514,0.518197632318547
5.198775,316,0.519999980926514,0.518197632318547
5.208994,317,0.519999980926514,0.518197632318547
5.217473,318,0.519999980926514,0.518197632318547
5.227607,319,0.519999980926514,0.518197632318547
5.236695,320,0.519999980926514,0.518197632318547
5.246206,321,0.519999980926514,0.518197632318547
5.254798,322,0.519999980926514,0.518197632318547
5.264492,323,0.519999980926514,0.518197632318547
5.274723,324,0.519999980926514,0.518197632318547
5.284223,325,0.519999980926514,0.518197632318547
5.293677,326,0.519999980926514,0.518197632318547
5.303545,327,0.519999980926514,0.518197632318547
5.312944,328,0.519999980926514,0.518197632318547
5.322362,329,0.519999980926514,0.518197632318547
5.331127,330,0.519999980926514,0.518197632318547
5.339895,331,0.519999980926514,0.518197632318547
5.348801,332,0.519999980926514,0.518197632318547
5.359897,333,0.519999980926514,0.518197632318547
5.369634,334,0.519999980926514,0.518197632318547
5.3799,335,0.519999980926514,0.518197632318547
5.39034,336,0.519999980926514,0.518197632318547
5.399708,337,0.519999980926514,0.518197632318547
5.409201,338,0.519999980926514,0.518197632318547
5.417562,339,0.519999980926514,0.518197632318547
5.426246,340,0.519999980926514,0.518197632318547
5.434693,341,0.519999980926514,0.518197632318547
5.444827,342,0.519999980926514,0.518197632318547
5.453284,343,0.519999980926514,0.518197632318547
5.462339,344,0.519999980926514,0.518197632318547
5.471323,345,0.519999980926514,0.518197632318547
5.479857,346,0.519999980926514,0.518197632318547
5.490108,347,0.519999980926514,0.518197632318547
5.499441,348,0.519999980926514,0.518197632318547
5.507904,349,0.519999980926514,0.518197632318547
5.51722,350,0.519999980926514,0.518197632318547
5.527242,351,0.519999980926514,0.518197632318547
5.537482,352,0.519999980926514,0.518197632318547
5.547694,353,0.519999980926514,0.518197632318547
5.557817,354,0.519999980926514,0.518197632318547
5.568085,355,0.519999980926514,0.518197632318547
5.578553,356,0.519999980926514,0.518197632318547
5.586973,357,0.519999980926514,0.518197632318547
5.597281,358,0.519999980926514,0.518197632318547
5.606663,359,0.519999980926514,0.518197632318547
5.617614,360,0.519999980926514,0.518197632318547
5.626596,361,0.519999980926514,0.518197632318547
5.636764,362,0.519999980926514,0.518197632318547
5.647385,363,0.519999980926514,0.518197632318547
5.656001,364,0.519999980926514,0.518197632318547
5.666523,365,0.519999980926514,0.518197632318547
5.675897,366,0.519999980926514,0.518197632318547
5.684714,367,0.519999980926514,0.518197632318547
5.694803,368,0.519999980926514,0.518197632318547
5.703678,369,0.519999980926514,0.518197632318547
5.713993,370,0.519999980926514,0.518197632318547
5.725285,371,0.519999980926514,0.518803711420674
5.735144,372,0.519999980926514,0.518803711420674
5.743772,373,0.519999980926514,0.518197632318547
5.75234,374,0.519999980926514,0.518197632318547
5.76079,375,0.519999980926514,0.518197632318547
5.770129,376,0.519999980926514,0.518197632318547
5.780578,377,0.519999980926514,0.518197632318547
5.790699,378,0.519999980926514,0.518197632318547
5.799361,379,0.519999980926514,0.518197632318547
5.809422,380,0.519999980926514,0.518197632318547
5.819841,381,0.519999980926514,0.518197632318547
5.8308,382,0.519999980926514,0.518803711420674
5.840088,383,0.519999980926514,0.518197632318547
5.849555,384,0.519999980926514,0.518197632318547
5.859346,385,0.519999980926514,0.518197632318547
5.869598,386,0.519999980926514,0.518197632318547
5.878631,387,0.519999980926514,0.518197632318547
5.888823,388,0.519999980926514,0.518197632318547
5.897065,389,0.519999980926514,0.518803711420674
5.906631,390,0.519999980926514,0.518803711420674
5.915479,391,0.519999980926514,0.518197632318547
5.924811,392,0.519999980926514,0.518197632318547
5.934076,393,0.519999980926514,0.518197632318547
5.944989,394,0.519999980926514,0.518197632318547
5.954473,395,0.519999980926514,0.518197632318547
5.964408,396,0.519999980926514,0.518197632318547
5.973627,397,0.519999980926514,0.518197632318547
5.983857,398,0.519999980926514,0.518197632318547
5.993992,399,0.519999980926514,0.518197632318547
6.00534,400,0.519999980926514,0.518197632318547
6.015482,401,0.519999980926514,0.518197632318547
6.025059,402,0.519999980926514,0.518197632318547
6.035636,403,0.519999980926514,0.518197632318547
6.04395,404,0.519999980926514,0.518197632318547
6.054603,405,0.519999980926514,0.518197632318547
6.064631,406,0.519999980926514,0.518197632318547
6.073134,407,0.519999980926514,0.518197632318547
6.082589,408,0.519999980926514,0.518197632318547
6.091305,409,0.519999980926514,0.518197632318547
6.101463,410,0.519999980926514,0.518197632318547
6.111582,411,0.519999980926514,0.518197632318547
6.12193,412,0.519999980926514,0.518197632318547
6.131711,413,0.519999980926514,0.518197632318547
6.141951,414,0.519999980926514,0.518197632318547
6.151489,415,0.519999980926514,0.518197632318547
6.166097,416,0.519999980926514,0.518197632318547
6.172175,417,0.519999980926514,0.518197632318547
6.18105,418,0.519999980926514,0.518197632318547
6.190304,419,0.519999980926514,0.518197632318547
6.200455,420,0.519999980926514,0.518197632318547
6.210748,421,0.519999980926514,0.518197632318547
6.220976,422,0.519999980926514,0.518197632318547
6.230672,423,0.519999980926514,0.518197632318547
6.241045,424,0.519999980926514,0.518197632318547
6.249588,425,0.519999980926514,0.518197632318547
6.259618,426,0.519999980926514,0.518197632318547
6.269914,427,0.519999980926514,0.518197632318547
6.278249,428,0.519999980926514,0.518197632318547
6.287849,429,0.519999980926514,0.518197632318547
6.297779,430,0.519999980926514,0.518197632318547
6.30791,431,0.519999980926514,0.518197632318547
6.316526,432,0.519999980926514,0.518197632318547
6.325621,433,0.519999980926514,0.518197632318547
6.335769,434,0.519999980926514,0.518197632318547
6.345309,435,0.519999980926514,0.518197632318547
6.354288,436,0.519999980926514,0.518197632318547
6.363202,437,0.519999980926514,0.518197632318547
6.372182,438,0.519999980926514,0.518197632318547
6.382303,439,0.519999980926514,0.518197632318547
6.392564,440,0.519999980926514,0.518197632318547
6.403258,441,0.519999980926514,0.518197632318547
6.411795,442,0.519999980926514,0.518197632318547
6.420723,443,0.519999980926514,0.518197632318547
6.431136,444,0.519999980926514,0.518197632318547
6.441196,445,0.519999980926514,0.518197632318547
6.451321,446,0.519999980926514,0.518197632318547
6.459855,447,0.519999980926514,0.518197632318547
6.470157,448,0.519999980926514,0.518197632318547
6.480378,449,0.519999980926514,0.518197632318547
6.488761,450,0.519999980926514,0.518197632318547
6.497329,451,0.519999980926514,0.518197632318547
6.506203,452,0.519999980926514,0.518197632318547
6.516786,453,0.519999980926514,0.51759155321642
6.526304,454,0.519999980926514,0.518197632318547
6.534672,455,0.519999980926514,0.518197632318547
6.543564,456,0.519999980926514,0.51759155321642
6.554005,457,0.519999980926514,0.518197632318547
6.563931,458,0.519999980926514,0.518197632318547
6.572289,459,0.519999980926514,0.51759155321642
6.581133,460,0.519999980926514,0.51759155321642
6.590567,461,0.519999980926514,0.51759155321642
6.599311,462,0.519999980926514,0.51759155321642
6.609375,463,0.519999980926514,0.51759155321642
6.619665,464,0.519999980926514,0.518197632318547
6.629563,465,0.519999980926514,0.518197632318547
6.637623,466,0.519999980926514,0.51759155321642
6.647873,467,0.519999980926514,0.518197632318547
6.65791,468,0.519999980926514,0.518197632318547
6.668221,469,0.519999980926514,0.518197632318547
6.678303,470,0.519999980926514,0.51759155321642
6.687966,471,0.519999980926514,0.51759155321642
6.697639,472,0.519999980926514,0.51759155321642
6.707038,473,0.519999980926514,0.51759155321642
6.716346,474,0.519999980926514,0.51759155321642
6.725545,475,0.519999980926514,0.51759155321642
6.73521,476,0.625,0.51759155321642
6.744676,477,0.625,0.51759155321642
6.753007,478,0.625,0.518197632318547
6.763371,479,0.625,0.521228027829181
6.773493,480,0.625,0.578199463429115
6.781936,481,0.625,0.586684570858892
6.791593,482,0.625,0.598806152901432
6.801208,483,0.625,0.608503418535463
6.8116,484,0.625,0.620018921475875
6.821847,485,0.625,0.62304931698651
6.830373,486,0.625,0.626079712497145
6.838803,487,0.625,0.627291870701399
6.848698,488,0.625,0.627897949803526
6.858261,489,0.625,0.627291870701399
6.867766,490,0.625,0.626685791599272
6.878839,491,0.625,0.626079712497145
6.887276,492,0.625,0.626079712497145
6.897433,493,0.625,0.625473633395018
6.907567,494,0.625,0.624867554292891
6.917138,495,0.625,0.624867554292891
6.926114,496,0.625,0.624261475190764
6.936256,497,0.625,0.623655396088637
6.945352,498,0.625,0.623655396088637
6.954113,499,0.625,0.623655396088637
6.964373,500,0.625,0.623655396088637
6.974472,501,0.625,0.62304931698651
6.982979,502,0.625,0.62304931698651
6.993099,503,0.625,0.62304931698651
7.002044,504,0.625,0.62304931698651
7.011017,505,0.625,0.622443237884383
7.020331,506,0.625,0.62304931698651
7.030891,507,0.625,0.622443237884383
7.041074,508,0.625,0.622443237884383
7.051247,509,0.625,0.62304931698651
7.061406,510,0.625,0.62304931698651
7.070112,511,0.625,0.622443237884383
7.080231,512,0.625,0.62304931698651
7.090219,513,0.625,0.62304931698651
7.100702,514,0.625,0.62304931698651
7.110545,515,0.625,0.62304931698651
7.119981,516,0.625,0.62304931698651
7.128349,517,0.625,0.62304931698651
7.136762,518,0.625,0.62304931698651
7.147435,519,0.625,0.623655396088637
7.156603,520,0.625,0.623655396088637
7.166237,521,0.625,0.62304931698651
7.176222,522,0.625,0.62304931698651
7.184596,523,0.625,0.62304931698651
7.193192,524,0.625,0.62304931698651
7.202663,525,0.625,0.62304931698651
7.211491,526,0.625,0.623655396088637
7.222818,527,0.625,0.623655396088637
7.232383,528,0.625,0.623655396088637
7.240823,529,0.625,0.623655396088637
7.250443,530,0.625,0.623655396088637
7.261042,531,0.625,0.623655396088637
7.269416,532,0.625,0.623655396088637
7.280064,533,0.625,0.623655396088637
7.289053,534,0.625,0.623655396088637
7.299167,535,0.625,0.623655396088637
7.309313,536,0.625,0.623655396088637
7.319487,537,0.625,0.623655396088637
7.32863,538,0.625,0.623655396088637
7.337849,539,0.625,0.623655396088637
7.347458,540,0.625,0.623655396088637
7.35661,541,0.625,0.623655396088637
7.366728,542,0.625,0.623655396088637
7.376903,543,0.625,0.623655396088637
7.38641,544,0.625,0.623655396088637
7.394866,545,0.625,0.623655396088637
7.403357,546,0.625,0.623655396088637
7.412626,547,0.625,0.623655396088637
7.421302,548,0.625,0.623655396088637
7.431386,549,0.625,0.623655396088637
7.439966,550,0.625,0.623655396088637
7.450084,551,0.625,0.623655396088637
7.459191,552,0.625,0.623655396088637
7.468417,553,0.625,0.623655396088637
7.478745,554,0.625,0.623655396088637
7.489118,555,0.625,0.623655396088637
7.49979,556,0.625,0.623655396088637
7.510153,557,0.625,0.623655396088637
7.520019,558,0.625,0.623655396088637
7.529474,559,0.625,0.623655396088637
7.539681,560,0.625,0.623655396088637
7.548187,561,0.625,0.623655396088637
7.556759,562,0.625,0.623655396088637
7.565414,563,0.625,0.623655396088637
7.580241,564,0.625,0.623655396088637
7.590596,565,0.625,0.623655396088637
7.599204,566,0.625,0.623655396088637
7.609906,567,0.625,0.623655396088637
7.619828,568,0.625,0.623655396088637
7.628174,569,0.625,0.623655396088637
7.637554,570,0.625,0.623655396088637
7.646677,571,0.625,0.623655396088637
7.655248,572,0.625,0.624261475190764
7.665193,573,0.625,0.623655396088637
7.673656,574,0.625,0.623655396088637
7.68241,575,0.625,0.623655396088637
7.692425,576,0.625,0.624261475190764
7.701227,577,0.625,0.624261475190764
7.711401,578,0.625,0.624261475190764
7.721953,579,0.625,0.623655396088637
7.732132,580,0.625,0.623655396088637
7.740736,581,0.625,0.623655396088637
7.749463,582,0.625,0.623655396088637
7.757774,583,0.625,0.624261475190764
7.766957,584,0.625,0.623655396088637
7.777694,585,0.625,0.623655396088637
7.786146,586,0.625,0.623655396088637
7.795496,587,0.625,0.623655396088637
7.804485,588,0.625,0.624261475190764
7.813252,589,0.625,0.623655396088637
7.82332,590,0.625,0.624261475190764
7.832019,591,0.625,0.624261475190764
7.840639,592,0.625,0.624261475190764
7.85007,593,0.625,0.623655396088637
7.859468,594,0.625,0.624261475190764
7.869206,595,0.625,0.623655396088637
7.879525,596,0.625,0.623655396088637
7.890621,597,0.625,0.624261475190764
7.899106,598,0.625,0.623655396088637
7.907706,599,0.625,0.624261475190764
7.916556,600,0.625,0.624261475190764
7.926797,601,0.625,0.624261475190764
7.936982,602,0.625,0.624261475190764
7.94559,603,0.625,0.624261475190764
7.955044,604,0.625,0.624261475190764
7.964731,605,0.625,0.624261475190764
7.973685,606,0.625,0.624261475190764
7.982266,607,0.625,0.624261475190764
7.99233,608,0.625,0.624261475190764
8.002453,609,0.625,0.624261475190764
8.012978,610,0.625,0.624261475190764
8.021851,611,0.625,0.624261475190764
8.030466,612,0.625,0.624261475190764
8.040636,613,0.625,0.624261475190764
8.048978,614,0.625,0.623655396088637
8.057894,615,0.625,0.624261475190764
8.068334,616,0.625,0.624261475190764
8.077199,617,0.625,0.624261475190764
8.087511,618,0.625,0.624261475190764
8.096102,619,0.625,0.624261475190764
8.105359,620,0.625,0.624261475190764
8.114564,621,0.625,0.623655396088637
8.124364,622,0.625,0.624261475190764
8.133417,623,0.625,0.624261475190764
8.143579,624,0.625,0.624261475190764
8.153677,625,0.625,0.624261475190764
8.163868,626,0.625,0.623655396088637
8.172466,627,0.625,0.624261475190764
8.182772,628,0.625,0.624261475190764
8.192076,629,0.625,0.624261475190764
8.200493,630,0.625,0.624261475190764
8.209798,631,0.625,0.624261475190764
8.220055,632,0.625,0.624261475190764
8.229648,633,0.625,0.624261475190764
8.238578,634,0.625,0.624261475190764
8.247108,635,0.625,0.623655396088637
8.25628,636,0.625,0.624261475190764
8.265903,637,0.625,0.624261475190764
8.274414,638,0.625,0.624261475190764
8.283531,639,0.625,0.624261475190764
8.29992,640,0.625,0.624261475190764
8.308935,641,0.625,0.624261475190764
8.317709,642,0.625,0.624261475190764
8.32629,643,0.625,0.624261475190764
8.334877,644,0.625,0.624261475190764
8.343581,645,0.625,0.624261475190764
8.353093,646,0.625,0.624261475190764
8.363048,647,0.625,0.624261475190764
8.372038,648,0.625,0.624261475190764
8.380944,649,0.625,0.624261475190764
8.391399,650,0.625,0.624261475190764
8.400777,651,0.625,0.624261475190764
8.411058,652,0.625,0.624261475190764
8.421178,653,0.625,0.624261475190764
8.429881,654,0.625,0.624261475190764
8.439079,655,0.625,0.623655396088637
8.449578,656,0.625,0.624261475190764
8.458838,657,0.625,0.624261475190764
8.468122,658,0.625,0.624261475190764
8.478337,659,0.625,0.624261475190764
8.489162,660,0.625,0.624261475190764
8.499414,661,0.625,0.624261475190764
8.510147,662,0.625,0.624261475190764
8.519724,663,0.625,0.624261475190764
8.528565,664,0.625,0.624261475190764
8.538764,665,0.625,0.624261475190764
8.547684,666,0.625,0.624261475190764
8.558371,667,0.625,0.624261475190764
8.566854,668,0.625,0.624261475190764
8.576195,669,0.625,0.624261475190764
8.585434,670,0.625,0.624261475190764
8.594495,671,0.625,0.624261475190764
8.603835,672,0.625,0.624261475190764
8.612917,673,0.625,0.624261475190764
8.622437,674,0.625,0.624261475190764
8.630989,675,0.625,0.624261475190764
8.641115,676,0.625,0.624261475190764
8.651256,677,0.625,0.624261475190764
8.660183,678,0.625,0.624261475190764
8.670074,679,0.625,0.624261475190764
8.679174,680,0.625,0.624261475190764
8.687573,681,0.625,0.624261475190764
8.697015,682,0.625,0.624261475190764
8.707307,683,0.625,0.624261475190764
8.717771,684,0.625,0.624261475190764
8.726242,685,0.625,0.624261475190764
8.737844,686,0.625,0.623655396088637
8.746573,687,0.625,0.624261475190764
8.756017,688,0.625,0.624261475190764
8.764607,689,0.625,0.624261475190764
8.77487,690,0.625,0.624261475190764
8.786022,691,0.625,0.624261475190764
8.79489,692,0.625,0.624261475190764
8.804866,693,0.625,0.624261475190764
8.81355,694,0.625,0.624261475190764
8.822667,695,0.625,0.624261475190764
8.831555,696,0.625,0.623655396088637
8.839928,697,0.625,0.624261475190764
8.85043,698,0.625,0.624261475190764
8.859611,699,0.625,0.624261475190764
8.869642,700,0.625,0.624261475190764
8.878588,701,0.625,0.623655396088637
8.888621,702,0.625,0.624261475190764
8.898126,703,0.625,0.624261475190764
8.908216,704,0.625,0.624261475190764
8.917813,705,0.625,0.623655396088637
8.926816,706,0.625,0.624261475190764
8.935988,707,0.625,0.624261475190764
8.946177,708,0.625,0.624261475190764
8.954536,709,0.625,0.624261475190764
8.963159,710,0.625,0.624261475190764
8.973026,711,0.625,0.623655396088637
8.98325,712,0.625,0.624261475190764
8.99341,713,0.625,0.624261475190764
9.001769,714,0.625,0.624261475190764
9.012897,715,0.625,0.624261475190764
9.0249,716,0.625,0.624261475190764
9.03352,717,0.625,0.624261475190764
9.043804,718,0.625,0.624261475190764
9.052197,719,0.625,0.624261475190764
9.061617,720,0.625,0.624261475190764
9.071974,721,0.625,0.624261475190764
9.080819,722,0.625,0.624261475190764
9.08954,723,0.625,0.624261475190764
9.097996,724,0.625,0.624261475190764
9.108201,725,0.625,0.624261475190764
9.117472,726,0.625,0.624261475190764
9.127238,727,0.625,0.624261475190764
9.136072,728,0.625,0.624261475190764
9.146299,729,0.625,0.624261475190764
9.154632,730,0.625,0.624261475190764
9.163057,731,0.625,0.624261475190764
9.172193,732,0.625,0.624261475190764
9.181242,733,0.625,0.623655396088637
9.190639,734,0.625,0.623655396088637
9.20086,735,0.625,0.624261475190764
9.211135,736,0.625,0.624261475190764
9.220249,737,0.625,0.624261475190764
9.229709,738,0.625,0.624261475190764
9.240132,739,0.625,0.623655396088637
9.249912,740,0.625,0.624261475190764
9.259926,741,0.625,0.624261475190764
9.268604,742,0.625,0.624261475190764
9.276981,743,0.625,0.624261475190764
9.286179,744,0.625,0.624261475190764
9.29445,745,0.625,0.624261475190764
9.304083,746,0.625,0.624261475190764
9.31254,747,0.625,0.624261475190764
9.3227,748,0.625,0.624261475190764
9.332851,749,0.625,0.624261475190764
9.343062,750,0.625,0.624261475190764
9.353151,751,0.625,0.624261475190764
9.363449,752,0.625,0.624261475190764
9.372822,753,0.625,0.624261475190764
9.382066,754,0.625,0.624261475190764
9.390681,755,0.625,0.624261475190764
9.399263,756,0.625,0.623655396088637
9.408276,757,0.625,0.623655396088637
9.417371,758,0.625,0.624261475190764
9.425676,759,0.625,0.624261475190764
9.435846,760,0.625,0.624261475190764
9.444677,761,0.625,0.624261475190764
9.453326,762,0.625,0.624261475190764
9.462769,763,0.625,0.624261475190764
9.47267,764,0.625,0.624261475190764
9.481693,765,0.625,0.624261475190764
9.491918,766,0.625,0.624261475190764
9.503024,767,0.625,0.624261475190764
9.513071,768,0.625,0.624261475190764
9.522099,769,0.625,0.624261475190764
9.531234,770,0.625,0.624261475190764
9.541381,771,0.625,0.624867554292891
9.551328,772,0.625,0.624261475190764
9.561502,773,0.625,0.624261475190764
9.570902,774,0.625,0.624261475190764
9.581375,775,0.625,0.624261475190764
9.589817,776,0.625,0.624261475190764
9.598715,777,0.625,0.624261475190764
9.608279,778,0.625,0.624261475190764
9.619207,779,0.625,0.624261475190764
9.628625,780,0.625,0.624261475190764
9.637086,781,0.625,0.624261475190764
9.645365,782,0.625,0.624261475190764
9.654376,783,0.625,0.624261475190764
9.664467,784,0.625,0.624261475190764
9.675363,785,0.625,0.624261475190764
9.685419,786,0.625,0.624261475190764
9.694635,787,0.625,0.624261475190764
9.703015,788,0.625,0.624261475190764
9.713214,789,0.625,0.624261475190764
9.723421,790,0.625,0.624261475190764
9.733926,791,0.625,0.624261475190764
9.744277,792,0.625,0.623655396088637
9.755034,793,0.625,0.623655396088637
9.763629,794,0.625,0.624261475190764
9.773226,795,0.625,0.624261475190764
9.784656,796,0.625,0.624261475190764
9.79365,797,0.625,0.624261475190764
9.803364,798,0.625,0.624261475190764
9.81263,799,0.625,0.624261475190764
9.821624,800,0.625,0.623655396088637
9.830171,801,0.625,0.624261475190764
9.839921,802,0.625,0.624261475190764
9.848248,803,0.625,0.624261475190764
9.856624,804,0.625,0.624261475190764
9.865102,805,0.625,0.624261475190764
9.874031,806,0.625,0.623655396088637
9.884536,807,0.625,0.624261475190764
9.894589,808,0.625,0.624261475190764
9.905021,809,0.625,0.623655396088637
9.913964,810,0.625,0.624261475190764
9.923512,811,0.625,0.623655396088637
9.932685,812,0.625,0.623655396088637
9.942843,813,0.625,0.624261475190764
9.952276,814,0.625,0.623655396088637
9.960868,815,0.625,0.623655396088637
9.969791,816,0.625,0.623655396088637
9.980054,817,0.625,0.623655396088637
9.990273,818,0.625,0.623655396088637
9.999068,819,0.625,0.623655396088637
10.00968,820,0.625,0.623655396088637
10.0202,821,0.625,0.623655396088637
10.02889,822,0.625,0.623655396088637
10.03761,823,0.625,0.623655396088637
10.04622,824,0.625,0.623655396088637
10.05505,825,0.625,0.623655396088637
10.06419,826,0.625,0.623655396088637
10.07357,827,0.625,0.623655396088637
10.08235,828,0.625,0.623655396088637
10.09217,829,0.625,0.62304931698651
10.10057,830,0.625,0.623655396088637
10.10903,831,0.625,0.623655396088637
10.11744,832,0.625,0.623655396088637
10.12786,833,0.625,0.623655396088637
10.13705,834,0.625,0.623655396088637
10.1455,835,0.625,0.62304931698651
10.15414,836,0.625,0.623655396088637
10.16276,837,0.625,0.62304931698651
10.17114,838,0.625,0.623655396088637
10.18036,839,0.625,0.623655396088637
10.18863,840,0.625,0.62304931698651
10.19786,841,0.625,0.623655396088637
10.20649,842,0.625,0.62304931698651
10.21483,843,0.625,0.623655396088637
10.22365,844,0.625,0.623655396088637
10.23405,845,0.625,0.62304931698651
10.24459,846,0.625,0.62304931698651
10.25376,847,0.625,0.62304931698651
10.26406,848,0.625,0.623655396088637
10.27307,849,0.625,0.62304931698651
10.28314,850,0.625,0.62304931698651
10.29424,851,0.625,0.62304931698651
10.30291,852,0.625,0.62304931698651
10.31257,853,0.625,0.623655396088637
10.32218,854,0.625,0.62304931698651
10.33092,855,0.625,0.623655396088637
10.34103,856,0.625,0.62304931698651
10.35135,857,0.625,0.62304931698651
10.36159,858,0.625,0.62304931698651
10.37028,859,0.625,0.623655396088637
10.38022,860,0.625,0.62304931698651
10.39029,861,0.625,0.62304931698651
10.40062,862,0.625,0.623655396088637
10.4108,863,0.625,0.62304931698651
10.42138,864,0.625,0.62304931698651
10.43153,865,0.625,0.62304931698651
10.44028,866,0.625,0.62304931698651
10.44986,867,0.625,0.62304931698651
10.4632,868,0.625,0.62304931698651
10.47213,869,0.625,0.62304931698651
10.48211,870,0.625,0.62304931698651
10.49098,871,0.625,0.62304931698651
10.50029,872,0.625,0.62304931698651
10.50871,873,0.625,0.62304931698651
10.51923,874,0.625,0.62304931698651
10.5294,875,0.625,0.62304931698651
10.53899,876,0.625,0.623655396088637
10.54938,877,0.625,0.623655396088637
10.55863,878,0.625,0.623655396088637
10.5677,879,0.625,0.623655396088637
10.57792,880,0.625,0.623655396088637
10.58786,881,0.625,0.62304931698651
10.59727,882,0.625,0.623655396088637
10.60686,883,0.625,0.623655396088637
10.61536,884,0.625,0.623655396088637
10.62537,885,0.625,0.623655396088637
10.636,886,0.625,0.623655396088637
10.64644,887,0.625,0.623655396088637
10.65645,888,0.625,0.623655396088637
10.66609,889,0.625,0.623655396088637
10.67506,890,0.625,0.623655396088637
10.68534,891,0.625,0.623655396088637
10.69494,892,0.625,0.623655396088637
10.70337,893,0.625,0.623655396088637
10.713,894,0.625,0.623655396088637
10.72216,895,0.625,0.623655396088637
10.7327,896,0.625,0.623655396088637
10.743,897,0.625,0.623655396088637
10.7539,898,0.625,0.623655396088637
10.7635,899,0.625,0.623655396088637
10.77231,900,0.625,0.623655396088637
10.78273,901,0.625,0.62304931698651
10.79115,902,0.625,0.623655396088637
10.79956,903,0.625,0.623655396088637
10.80984,904,0.625,0.623655396088637
10.81946,905,0.625,0.623655396088637
10.8286,906,0.625,0.623655396088637
10.83883,907,0.625,0.623655396088637
10.8489,908,0.625,0.623655396088637
10.85917,909,0.625,0.623655396088637
10.86916,910,0.625,0.623655396088637
10.87751,911,0.625,0.623655396088637
10.88683,912,0.625,0.623655396088637
10.89755,913,0.625,0.623655396088637
10.90676,914,0.625,0.623655396088637
10.91577,915,0.625,0.623655396088637
10.92616,916,0.625,0.623655396088637
10.93568,917,0.625,0.623655396088637
10.94452,918,0.625,0.623655396088637
10.95457,919,0.625,0.624261475190764
10.96292,920,0.625,0.624261475190764
10.9722,921,0.625,0.623655396088637
10.98287,922,0.625,0.623655396088637
10.99266,923,0.625,0.623655396088637
11.00113,924,0.625,0.623655396088637
11.0095,925,0.625,0.624261475190764
11.0198,926,0.625,0.623655396088637
11.0306,927,0.625,0.623655396088637
11.04084,928,0.625,0.623655396088637
11.04982,929,0.625,0.623655396088637
11.05935,930,0.625,0.623655396088637
11.06952,931,0.625,0.624261475190764
11.07819,932,0.625,0.623655396088637
11.08717,933,0.625,0.624261475190764
11.09561,934,0.625,0.624261475190764
11.10489,935,0.625,0.624261475190764
11.11401,936,0.625,0.624261475190764
11.12358,937,0.625,0.624261475190764
11.13379,938,0.625,0.624261475190764
11.14243,939,0.625,0.624261475190764
11.15145,940,0.625,0.623655396088637
11.1609,941,0.625,0.624261475190764
11.17578,942,0.625,0.624261475190764
11.1848,943,0.625,0.624261475190764
11.19497,944,0.625,0.624261475190764
11.20608,945,0.625,0.624261475190764
11.21597,946,0.625,0.624261475190764
11.22481,947,0.625,0.624261475190764
11.23378,948,0.625,0.624261475190764
11.24203,949,0.625,0.624261475190764
11.2524,950,0.625,0.624261475190764
11.26097,951,0.625,0.624261475190764
11.27047,952,0.625,0.624261475190764
11.28064,953,0.625,0.624261475190764
11.29089,954,0.625,0.624261475190764
11.30158,955,0.625,0.623655396088637
11.31056,956,0.625,0.624261475190764
11.32003,957,0.625,0.624261475190764
11.32946,958,0.625,0.624261475190764
11.33965,959,0.625,0.624261475190764
11.3497,960,0.625,0.624261475190764
11.3602,961,0.625,0.624261475190764
11.37068,962,0.625,0.624261475190764
11.38,963,0.625,0.624261475190764
11.38915,964,0.625,0.624261475190764
11.39954,965,0.625,0.624261475190764
11.4083,966,0.625,0.624261475190764
11.41754,967,0.625,0.624261475190764
11.42935,968,0.625,0.624261475190764
11.43877,969,0.625,0.624261475190764
11.44809,970,0.625,0.624261475190764
11.45827,971,0.625,0.624261475190764
11.46849,972,0.625,0.624261475190764
11.47767,973,0.625,0.624261475190764
11.48602,974,0.625,0.624261475190764
11.49475,975,0.625,0.624261475190764
11.50455,976,0.625,0.623655396088637
11.51465,977,0.625,0.624261475190764
11.52476,978,0.625,0.624261475190764
11.53495,979,0.625,0.624261475190764
11.5435,980,0.625,0.624261475190764
11.55368,981,0.625,0.624261475190764
11.56392,982,0.625,0.624261475190764
11.57321,983,0.625,0.624261475190764
11.5833,984,0.625,0.624261475190764
11.59427,985,0.625,0.624261475190764
11.6046,986,0.625,0.624261475190764
11.61397,987,0.625,0.624261475190764
11.62315,988,0.625,0.624261475190764
11.63178,989,0.625,0.624261475190764
11.64191,990,0.625,0.624261475190764
11.65162,991,0.625,0.624261475190764
11.66006,992,0.625,0.624261475190764
11.66951,993,0.625,0.624261475190764
11.67812,994,0.625,0.624261475190764
11.68648,995,0.625,0.624261475190764
11.69663,996,0.625,0.624261475190764
11.70705,997,0.625,0.624261475190764
11.71669,998,0.625,0.624261475190764
11.72579,999,0.625,0.624261475190764
11.73605,1000,0.519999980926514,0.624261475190764
11.74445,1001,0.519999980926514,0.624261475190764
11.7537,1002,0.519999980926514,0.624261475190764
11.7625,1003,0.519999980926514,0.624261475190764
11.77276,1004,0.519999980926514,0.623655396088637
11.78183,1005,0.519999980926514,0.578805542531242
11.79191,1006,0.519999980926514,0.563653564978068
11.80201,1007,0.519999980926514,0.552744141139783
11.81221,1008,0.519999980926514,0.543046875505752
11.82086,1009,0.519999980926514,0.541228638199371
11.8313,1010,0.519999980926514,0.541228638199371
11.83988,1011,0.519999980926514,0.536380005382355
11.84993,1012,0.519999980926514,0.534561768075975
11.8594,1013,0.519999980926514,0.532137451667467
11.86976,1014,0.519999980926514,0.530925293463213
11.87929,1015,0.519999980926514,0.530319214361086
11.89057,1016,0.519999980926514,0.528500977054705
11.90026,1017,0.519999980926514,0.526682739748324
11.90884,1018,0.519999980926514,0.526076660646197
11.91925,1019,0.519999980926514,0.524864502441943
11.92799,1020,0.519999980926514,0.524864502441943
11.9381,1021,0.519999980926514,0.523652344237689
11.94649,1022,0.519999980926514,0.523652344237689
11.95509,1023,0.519999980926514,0.522440186033435
11.96347,1024,0.519999980926514,0.521834106931308
11.97295,1025,0.519999980926514,0.521834106931308
11.98132,1026,0.519999980926514,0.521228027829181
11.99116,1027,0.519999980926514,0.520621948727054
12.00148,1028,0.519999980926514,0.520621948727054
12.00997,1029,0.519999980926514,0.520015869624927
12.01871,1030,0.519999980926514,0.520015869624927
12.02712,1031,0.519999980926514,0.520015869624927
12.03566,1032,0.519999980926514,0.519409790522801
12.04413,1033,0.519999980926514,0.519409790522801
12.0546,1034,0.519999980926514,0.519409790522801
12.06385,1035,0.519999980926514,0.519409790522801
12.07243,1036,0.519999980926514,0.518803711420674
12.08245,1037,0.519999980926514,0.518803711420674
12.09282,1038,0.519999980926514,0.518803711420674
12.10252,1039,0.519999980926514,0.518803711420674
12.11239,1040,0.519999980926514,0.518803711420674
12.12173,1041,0.519999980926514,0.518803711420674
12.13177,1042,0.519999980926514,0.518803711420674
12.1409,1043,0.519999980926514,0.518197632318547
12.1511,1044,0.519999980926514,0.518197632318547
12.16019,1045,0.519999980926514,0.518197632318547
12.16944,1046,0.519999980926514,0.518197632318547
12.17902,1047,0.519999980926514,0.518197632318547
12.18915,1048,0.519999980926514,0.518197632318547
12.198,1049,0.519999980926514,0.518197632318547
12.20807,1050,0.519999980926514,0.518197632318547
12.21811,1051,0.519999980926514,0.518197632318547
12.22814,1052,0.519999980926514,0.518197632318547
12.23735,1053,0.519999980926514,0.518197632318547
12.24762,1054,0.519999980926514,0.518197632318547
12.25661,1055,0.519999980926514,0.51759155321642
12.26495,1056,0.519999980926514,0.51759155321642
12.274,1057,0.519999980926514,0.51759155321642
12.28416,1058,0.519999980926514,0.51759155321642
12.29335,1059,0.519999980926514,0.51759155321642
12.30335,1060,0.519999980926514,0.51759155321642
12.31192,1061,0.519999980926514,0.51759155321642
12.32078,1062,0.519999980926514,0.51759155321642
12.33099,1063,0.519999980926514,0.51759155321642
12.34043,1064,0.519999980926514,0.51759155321642
12.34929,1065,0.519999980926514,0.51759155321642
12.35955,1066,0.519999980926514,0.516985474114293
12.36841,1067,0.519999980926514,0.516985474114293
12.37789,1068,0.519999980926514,0.516985474114293
12.38823,1069,0.519999980926514,0.516985474114293
12.39667,1070,0.519999980926514,0.516985474114293
12.40512,1071,0.519999980926514,0.516985474114293
12.41521,1072,0.519999980926514,0.516985474114293
12.42355,1073,0.519999980926514,0.516985474114293
12.43374,1074,0.519999980926514,0.516985474114293
12.44393,1075,0.519999980926514,0.516985474114293
12.45442,1076,0.519999980926514,0.516379395012166
12.46376,1077,0.519999980926514,0.516985474114293
12.47213,1078,0.519999980926514,0.516379395012166
12.48216,1079,0.519999980926514,0.516985474114293
12.49253,1080,0.519999980926514,0.516379395012166
12.50191,1081,0.519999980926514,0.516379395012166
12.51132,1082,0.519999980926514,0.516379395012166
12.51965,1083,0.519999980926514,0.516379395012166
12.52826,1084,0.519999980926514,0.516379395012166
12.53739,1085,0.519999980926514,0.516379395012166
12.54659,1086,0.519999980926514,0.516379395012166
12.55525,1087,0.519999980926514,0.516379395012166
12.56517,1088,0.519999980926514,0.516379395012166
12.57425,1089,0.519999980926514,0.516379395012166
12.58446,1090,0.519999980926514,0.516379395012166
12.60811,1091,0.519999980926514,0.516379395012166
12.61676,1092,0.519999980926514,0.516379395012166
12.62728,1093,0.519999980926514,0.515773315910039
12.63584,1094,0.519999980926514,0.515773315910039
12.64419,1095,0.519999980926514,0.515773315910039
12.65452,1096,0.519999980926514,0.515773315910039
12.66288,1097,0.519999980926514,0.515773315910039
12.67186,1098,0.519999980926514,0.515773315910039
12.68257,1099,0.519999980926514,0.515773315910039
12.6922,1100,0.519999980926514,0.515773315910039
12.70101,1101,0.519999980926514,0.515773315910039
12.7102,1102,0.519999980926514,0.515167236807912
12.71888,1103,0.519999980926514,0.515773315910039
12.72835,1104,0.519999980926514,0.515167236807912
12.73827,1105,0.519999980926514,0.515167236807912
12.74817,1106,0.519999980926514,0.515773315910039
12.75706,1107,0.519999980926514,0.515167236807912
12.76558,1108,0.519999980926514,0.515167236807912
12.77472,1109,0.519999980926514,0.515167236807912
12.78512,1110,0.519999980926514,0.515167236807912
12.7944,1111,0.519999980926514,0.515167236807912
12.80305,1112,0.519999980926514,0.515167236807912
12.81308,1113,0.519999980926514,0.515167236807912
12.82318,1114,0.519999980926514,0.514561157705785
12.83338,1115,0.519999980926514,0.515167236807912
12.84414,1116,0.519999980926514,0.515167236807912
12.85419,1117,0.519999980926514,0.515167236807912
12.86277,1118,0.519999980926514,0.515167236807912
12.87227,1119,0.519999980926514,0.514561157705785
12.88118,1120,0.519999980926514,0.515167236807912
12.89032,1121,0.519999980926514,0.514561157705785
12.90073,1122,0.519999980926514,0.514561157705785
12.91114,1123,0.519999980926514,0.515167236807912
12.91996,1124,0.519999980926514,0.514561157705785
12.92878,1125,0.519999980926514,0.514561157705785
12.93807,1126,0.519999980926514,0.514561157705785
12.94767,1127,0.519999980926514,0.514561157705785
12.9576,1128,0.519999980926514,0.514561157705785
12.96793,1129,0.519999980926514,0.514561157705785
12.97669,1130,0.519999980926514,0.514561157705785
12.98535,1131,0.519999980926514,0.514561157705785
12.99433,1132,0.519999980926514,0.514561157705785
13.00313,1133,0.519999980926514,0.513955078603658
13.0121,1134,0.519999980926514,0.513955078603658
13.02056,1135,0.519999980926514,0.513955078603658
13.0299,1136,0.519999980926514,0.513955078603658
13.03831,1137,0.519999980926514,0.513955078603658
13.04819,1138,0.519999980926514,0.513955078603658
13.05823,1139,0.519999980926514,0.513955078603658
13.06821,1140,0.519999980926514,0.513955078603658
13.0775,1141,0.519999980926514,0.513955078603658
13.0864,1142,0.519999980926514,0.513955078603658
13.09646,1143,0.519999980926514,0.513955078603658
13.10648,1144,0.519999980926514,0.513955078603658
13.11627,1145,0.519999980926514,0.513955078603658
13.1248,1146,0.519999980926514,0.513955078603658
13.13465,1147,0.519999980926514,0.513955078603658
13.14291,1148,0.519999980926514,0.513955078603658
13.15353,1149,0.519999980926514,0.513955078603658
13.16339,1150,0.519999980926514,0.513348999501531
13.17333,1151,0.519999980926514,0.513348999501531
13.18233,1152,0.519999980926514,0.513348999501531
13.19201,1153,0.519999980926514,0.513348999501531
13.20243,1154,0.519999980926514,0.513348999501531
13.21106,1155,0.519999980926514,0.513348999501531
13.2214,1156,0.519999980926514,0.513348999501531
13.22995,1157,0.519999980926514,0.513348999501531
13.23841,1158,0.519999980926514,0.513348999501531
13.24843,1159,0.519999980926514,0.513348999501531
