Time [s] , Frame nr,Sent pressure 0,Received pressure 0
1.618833,0,0.519999980926514,0.505469971173881
1.621917,1,0.519999980926514,0.504863892071754
1.976365,2,0.519999980926514,0.51759155321642
1.996059,3,0.519999980926514,0.518197632318547
2.005618,4,0.519999980926514,0.518197632318547
2.015208,5,0.519999980926514,0.518197632318547
2.02439,6,0.519999980926514,0.518197632318547
2.034178,7,0.519999980926514,0.518197632318547
2.042578,8,0.519999980926514,0.518803711420674
2.051286,9,0.519999980926514,0.518803711420674
2.061393,10,0.519999980926514,0.518803711420674
2.069813,11,0.519999980926514,0.518803711420674
2.080102,12,0.519999980926514,0.518803711420674
2.090118,13,0.519999980926514,0.518803711420674
2.099063,14,0.519999980926514,0.518803711420674
2.108908,15,0.519999980926514,0.518803711420674
2.118186,16,0.519999980926514,0.518803711420674
2.126566,17,0.519999980926514,0.518803711420674
2.135479,18,0.519999980926514,0.518803711420674
2.144279,19,0.519999980926514,0.518803711420674
2.152771,20,0.519999980926514,0.518803711420674
2.162144,21,0.519999980926514,0.518803711420674
2.172027,22,0.519999980926514,0.518803711420674
2.181488,23,0.519999980926514,0.518803711420674
2.192302,24,0.519999980926514,0.518803711420674
2.200804,25,0.519999980926514,0.518803711420674
2.209318,26,0.519999980926514,0.518803711420674
2.219147,27,0.519999980926514,0.518803711420674
2.228278,28,0.519999980926514,0.518803711420674
2.236652,29,0.519999980926514,0.518803711420674
2.246066,30,0.519999980926514,0.518803711420674
2.254577,31,0.519999980926514,0.518803711420674
2.264293,32,0.519999980926514,0.518803711420674
2.272615,33,0.519999980926514,0.518803711420674
2.283403,34,0.519999980926514,0.518803711420674
2.292636,35,0.519999980926514,0.518803711420674
2.302228,36,0.519999980926514,0.518803711420674
2.310639,37,0.519999980926514,0.518803711420674
2.320968,38,0.519999980926514,0.518803711420674
2.329789,39,0.519999980926514,0.518803711420674
2.338792,40,0.519999980926514,0.518803711420674
2.347717,41,0.519999980926514,0.518803711420674
2.357352,42,0.519999980926514,0.518803711420674
2.366467,43,0.519999980926514,0.518803711420674
2.375979,44,0.519999980926514,0.518803711420674
2.386384,45,0.519999980926514,0.518197632318547
2.395578,46,0.519999980926514,0.518197632318547
2.406356,47,0.519999980926514,0.518803711420674
2.415348,48,0.519999980926514,0.518803711420674
2.424116,49,0.519999980926514,0.518803711420674
2.432461,50,0.519999980926514,0.518803711420674
2.441671,51,0.519999980926514,0.518803711420674
2.451989,52,0.519999980926514,0.518803711420674
2.462278,53,0.519999980926514,0.518803711420674
2.47197,54,0.519999980926514,0.518803711420674
2.481389,55,0.519999980926514,0.518803711420674
2.491733,56,0.519999980926514,0.518803711420674
2.501559,57,0.519999980926514,0.518803711420674
2.51009,58,0.519999980926514,0.518803711420674
2.518504,59,0.519999980926514,0.518803711420674
2.528708,60,0.519999980926514,0.518803711420674
2.537243,61,0.519999980926514,0.518803711420674
2.547253,62,0.519999980926514,0.518803711420674
2.556128,63,0.519999980926514,0.518803711420674
2.564995,64,0.519999980926514,0.518803711420674
2.575155,65,0.519999980926514,0.518803711420674
2.583746,66,0.519999980926514,0.518803711420674
2.592787,67,0.519999980926514,0.518803711420674
2.601609,68,0.519999980926514,0.518803711420674
2.610001,69,0.519999980926514,0.519409790522801
2.619806,70,0.519999980926514,0.518803711420674
2.62858,71,0.519999980926514,0.518803711420674
2.639035,72,0.519999980926514,0.518803711420674
2.647769,73,0.519999980926514,0.518803711420674
2.657147,74,0.519999980926514,0.518803711420674
2.66744,75,0.519999980926514,0.518803711420674
2.67676,76,0.519999980926514,0.518803711420674
2.685895,77,0.519999980926514,0.518803711420674
2.695668,78,0.519999980926514,0.518803711420674
2.705939,79,0.519999980926514,0.518803711420674
2.715585,80,0.519999980926514,0.518803711420674
2.724572,81,0.519999980926514,0.518803711420674
2.734633,82,0.519999980926514,0.518803711420674
2.743246,83,0.519999980926514,0.518803711420674
2.752656,84,0.519999980926514,0.518803711420674
2.761533,85,0.519999980926514,0.518803711420674
2.769968,86,0.519999980926514,0.518803711420674
2.780382,87,0.519999980926514,0.518803711420674
2.789232,88,0.519999980926514,0.518803711420674
2.798562,89,0.519999980926514,0.518803711420674
2.807643,90,0.519999980926514,0.518803711420674
2.817065,91,0.519999980926514,0.518803711420674
2.827821,92,0.519999980926514,0.518803711420674
2.836641,93,0.519999980926514,0.518803711420674
2.845671,94,0.519999980926514,0.518803711420674
2.854496,95,0.519999980926514,0.518803711420674
2.865813,96,0.519999980926514,0.518803711420674
2.874711,97,0.519999980926514,0.518803711420674
2.883351,98,0.519999980926514,0.518803711420674
2.891797,99,0.519999980926514,0.518803711420674
2.900435,100,0.519999980926514,0.518803711420674
2.910061,101,0.519999980926514,0.518803711420674
2.920902,102,0.519999980926514,0.518803711420674
2.929935,103,0.519999980926514,0.519409790522801
2.938608,104,0.519999980926514,0.518803711420674
2.947542,105,0.519999980926514,0.519409790522801
2.956868,106,0.519999980926514,0.518803711420674
2.965436,107,0.519999980926514,0.519409790522801
2.974375,108,0.519999980926514,0.518803711420674
2.982675,109,0.519999980926514,0.518803711420674
2.992903,110,0.519999980926514,0.518803711420674
3.002519,111,0.519999980926514,0.518803711420674
3.011242,112,0.519999980926514,0.518803711420674
3.020453,113,0.519999980926514,0.518803711420674
3.029568,114,0.519999980926514,0.518803711420674
3.039393,115,0.519999980926514,0.519409790522801
3.047801,116,0.519999980926514,0.518803711420674
3.056539,117,0.519999980926514,0.518803711420674
3.065924,118,0.519999980926514,0.519409790522801
3.075513,119,0.519999980926514,0.518803711420674
3.085967,120,0.519999980926514,0.519409790522801
3.095716,121,0.519999980926514,0.518803711420674
3.104435,122,0.519999980926514,0.519409790522801
3.113539,123,0.519999980926514,0.519409790522801
3.122314,124,0.519999980926514,0.518803711420674
3.132822,125,0.519999980926514,0.518803711420674
3.142887,126,0.519999980926514,0.518803711420674
3.151728,127,0.519999980926514,0.518803711420674
3.160975,128,0.519999980926514,0.518803711420674
3.16976,129,0.519999980926514,0.518803711420674
3.178346,130,0.519999980926514,0.518803711420674
3.187447,131,0.519999980926514,0.519409790522801
3.196621,132,0.519999980926514,0.518803711420674
3.205569,133,0.519999980926514,0.518803711420674
3.215365,134,0.519999980926514,0.518803711420674
3.225431,135,0.519999980926514,0.518803711420674
3.235474,136,0.519999980926514,0.518803711420674
3.245364,137,0.519999980926514,0.519409790522801
3.255494,138,0.519999980926514,0.518803711420674
3.26558,139,0.519999980926514,0.518803711420674
3.275742,140,0.519999980926514,0.518803711420674
3.285539,141,0.519999980926514,0.519409790522801
3.294495,142,0.519999980926514,0.518803711420674
3.304387,143,0.519999980926514,0.518803711420674
3.312804,144,0.519999980926514,0.518803711420674
3.322069,145,0.519999980926514,0.519409790522801
3.331199,146,0.519999980926514,0.519409790522801
3.340148,147,0.519999980926514,0.519409790522801
3.348611,148,0.519999980926514,0.519409790522801
3.357471,149,0.519999980926514,0.518803711420674
3.367745,150,0.519999980926514,0.518803711420674
3.376367,151,0.519999980926514,0.519409790522801
3.386667,152,0.519999980926514,0.519409790522801
3.396032,153,0.519999980926514,0.518803711420674
3.404874,154,0.519999980926514,0.519409790522801
3.413548,155,0.519999980926514,0.518803711420674
3.421966,156,0.519999980926514,0.518803711420674
3.431534,157,0.519999980926514,0.519409790522801
3.440483,158,0.519999980926514,0.518803711420674
3.450919,159,0.519999980926514,0.518803711420674
3.461168,160,0.519999980926514,0.518803711420674
3.471514,161,0.519999980926514,0.519409790522801
3.481859,162,0.519999980926514,0.519409790522801
3.492125,163,0.519999980926514,0.518803711420674
3.500821,164,0.519999980926514,0.519409790522801
3.51006,165,0.519999980926514,0.519409790522801
3.518423,166,0.519999980926514,0.519409790522801
3.527585,167,0.519999980926514,0.518803711420674
3.537454,168,0.519999980926514,0.518803711420674
3.546145,169,0.519999980926514,0.519409790522801
3.555534,170,0.519999980926514,0.519409790522801
3.564412,171,0.519999980926514,0.519409790522801
3.574181,172,0.519999980926514,0.519409790522801
3.583384,173,0.519999980926514,0.518803711420674
3.592499,174,0.519999980926514,0.518803711420674
3.601668,175,0.519999980926514,0.519409790522801
3.611395,176,0.519999980926514,0.518803711420674
3.621636,177,0.519999980926514,0.518803711420674
3.630724,178,0.519999980926514,0.519409790522801
3.639386,179,0.519999980926514,0.519409790522801
3.649601,180,0.519999980926514,0.519409790522801
3.659949,181,0.519999980926514,0.518803711420674
3.669671,182,0.519999980926514,0.518803711420674
3.679354,183,0.519999980926514,0.518803711420674
3.687891,184,0.519999980926514,0.519409790522801
3.697634,185,0.519999980926514,0.519409790522801
3.706868,186,0.519999980926514,0.518803711420674
3.715463,187,0.519999980926514,0.518803711420674
3.725202,188,0.519999980926514,0.518803711420674
3.733893,189,0.519999980926514,0.519409790522801
3.742717,190,0.519999980926514,0.519409790522801
3.752137,191,0.519999980926514,0.518803711420674
3.760566,192,0.519999980926514,0.519409790522801
3.770182,193,0.519999980926514,0.518803711420674
3.780596,194,0.519999980926514,0.519409790522801
3.789088,195,0.519999980926514,0.518803711420674
3.797929,196,0.519999980926514,0.518803711420674
3.806508,197,0.519999980926514,0.519409790522801
3.815461,198,0.519999980926514,0.518803711420674
3.824691,199,0.519999980926514,0.519409790522801
3.833855,200,0.519999980926514,0.518803711420674
3.842707,201,0.519999980926514,0.519409790522801
3.851935,202,0.519999980926514,0.518803711420674
3.860979,203,0.519999980926514,0.519409790522801
3.870166,204,0.519999980926514,0.519409790522801
3.880728,205,0.519999980926514,0.518803711420674
3.890642,206,0.519999980926514,0.519409790522801
3.899385,207,0.519999980926514,0.518803711420674
3.908237,208,0.519999980926514,0.519409790522801
3.916703,209,0.519999980926514,0.518803711420674
3.925751,210,0.519999980926514,0.519409790522801
3.934376,211,0.519999980926514,0.519409790522801
3.943231,212,0.519999980926514,0.518803711420674
3.952055,213,0.519999980926514,0.519409790522801
3.960569,214,0.519999980926514,0.519409790522801
3.969404,215,0.519999980926514,0.519409790522801
3.979537,216,0.519999980926514,0.518803711420674
3.988257,217,0.519999980926514,0.519409790522801
3.999083,218,0.519999980926514,0.518803711420674
4.008722,219,0.519999980926514,0.519409790522801
4.0186,220,0.519999980926514,0.519409790522801
4.028505,221,0.519999980926514,0.519409790522801
4.038062,222,0.519999980926514,0.519409790522801
4.048217,223,0.519999980926514,0.519409790522801
4.058311,224,0.519999980926514,0.519409790522801
4.066664,225,0.519999980926514,0.518803711420674
4.076726,226,0.519999980926514,0.519409790522801
4.085327,227,0.519999980926514,0.518803711420674
4.094739,228,0.519999980926514,0.519409790522801
4.104118,229,0.519999980926514,0.518803711420674
4.113281,230,0.519999980926514,0.519409790522801
4.122439,231,0.519999980926514,0.518803711420674
4.131425,232,0.519999980926514,0.519409790522801
4.140482,233,0.519999980926514,0.518803711420674
4.150537,234,0.519999980926514,0.518803711420674
4.160499,235,0.519999980926514,0.519409790522801
4.17056,236,0.519999980926514,0.518803711420674
4.180971,237,0.519999980926514,0.519409790522801
4.191445,238,0.519999980926514,0.519409790522801
4.200535,239,0.519999980926514,0.519409790522801
4.209371,240,0.519999980926514,0.519409790522801
4.219857,241,0.519999980926514,0.519409790522801
4.229025,242,0.519999980926514,0.518803711420674
4.238264,243,0.519999980926514,0.519409790522801
4.249092,244,0.519999980926514,0.519409790522801
4.258043,245,0.519999980926514,0.519409790522801
4.267485,246,0.519999980926514,0.519409790522801
4.277277,247,0.519999980926514,0.518803711420674
4.287595,248,0.519999980926514,0.519409790522801
4.297952,249,0.519999980926514,0.519409790522801
4.307035,250,0.519999980926514,0.519409790522801
4.315938,251,0.519999980926514,0.518803711420674
4.325325,252,0.519999980926514,0.518803711420674
4.333967,253,0.519999980926514,0.519409790522801
4.343405,254,0.519999980926514,0.519409790522801
4.352221,255,0.519999980926514,0.519409790522801
4.361259,256,0.519999980926514,0.519409790522801
4.370604,257,0.519999980926514,0.519409790522801
4.379411,258,0.519999980926514,0.518803711420674
4.388715,259,0.519999980926514,0.519409790522801
4.397741,260,0.519999980926514,0.519409790522801
4.406787,261,0.519999980926514,0.519409790522801
4.415683,262,0.519999980926514,0.519409790522801
4.424808,263,0.519999980926514,0.519409790522801
4.433563,264,0.519999980926514,0.519409790522801
4.442643,265,0.519999980926514,0.519409790522801
4.451425,266,0.519999980926514,0.519409790522801
4.460521,267,0.519999980926514,0.518803711420674
4.469963,268,0.519999980926514,0.519409790522801
4.478364,269,0.519999980926514,0.519409790522801
4.4873,270,0.519999980926514,0.519409790522801
4.496222,271,0.519999980926514,0.519409790522801
4.505806,272,0.519999980926514,0.518803711420674
4.514585,273,0.519999980926514,0.519409790522801
4.523829,274,0.519999980926514,0.518803711420674
4.532615,275,0.519999980926514,0.519409790522801
4.542171,276,0.519999980926514,0.519409790522801
4.551622,277,0.519999980926514,0.519409790522801
4.560236,278,0.519999980926514,0.519409790522801
4.57045,279,0.519999980926514,0.519409790522801
4.580784,280,0.519999980926514,0.519409790522801
4.589892,281,0.519999980926514,0.519409790522801
4.599597,282,0.625,0.519409790522801
4.608967,283,0.625,0.519409790522801
4.617863,284,0.625,0.519409790522801
4.626745,285,0.625,0.578805542531242
4.6351,286,0.625,0.649110718377969
4.645105,287,0.625,0.681838989892825
4.65535,288,0.625,0.673353882463047
4.665736,289,0.625,0.639413452743938
4.675806,290,0.625,0.617594605067367
4.685592,291,0.625,0.610927734943971
4.694682,292,0.625,0.611533814046098
4.703397,293,0.625,0.611533814046098
4.713346,294,0.625,0.611533814046098
4.722075,295,0.625,0.611533814046098
4.732268,296,0.625,0.613958130454606
4.742502,297,0.625,0.630322266212033
4.751214,298,0.625,0.631534424416287
4.760471,299,0.625,0.630322266212033
4.769061,300,0.625,0.630322266212033
4.778155,301,0.625,0.629110108007779
4.788062,302,0.625,0.629110108007779
4.796688,303,0.625,0.628504028905652
4.806065,304,0.625,0.627897949803526
4.814523,305,0.625,0.627897949803526
4.824147,306,0.625,0.627897949803526
4.832573,307,0.625,0.627291870701399
4.841195,308,0.625,0.626685791599272
4.849939,309,0.625,0.626685791599272
4.858953,310,0.625,0.626079712497145
4.868134,311,0.625,0.625473633395018
4.877713,312,0.625,0.625473633395018
4.888786,313,0.625,0.624867554292891
4.897484,314,0.625,0.624261475190764
4.906843,315,0.625,0.624261475190764
4.915552,316,0.625,0.624261475190764
4.924793,317,0.625,0.623655396088637
4.934974,318,0.625,0.62304931698651
4.944206,319,0.625,0.62304931698651
4.954986,320,0.625,0.622443237884383
4.963644,321,0.625,0.622443237884383
4.97271,322,0.625,0.621837158782256
4.98222,323,0.625,0.621837158782256
4.991221,324,0.625,0.621231079680129
4.999605,325,0.625,0.621231079680129
5.014963,326,0.625,0.621231079680129
5.023259,327,0.625,0.620625000578002
5.033278,328,0.625,0.620625000578002
5.043156,329,0.625,0.620018921475875
5.051645,330,0.625,0.619412842373748
5.061666,331,0.625,0.619412842373748
5.071849,332,0.625,0.619412842373748
5.080522,333,0.625,0.620625000578002
5.091171,334,0.625,0.621837158782256
5.099832,335,0.625,0.622443237884383
5.109989,336,0.625,0.622443237884383
5.119314,337,0.625,0.62304931698651
5.12781,338,0.625,0.62304931698651
5.137029,339,0.625,0.62304931698651
5.145737,340,0.625,0.623655396088637
5.154453,341,0.625,0.623655396088637
5.164539,342,0.625,0.623655396088637
5.174658,343,0.625,0.623655396088637
5.183266,344,0.625,0.623655396088637
5.192186,345,0.625,0.623655396088637
5.202102,346,0.625,0.624261475190764
5.210618,347,0.625,0.624261475190764
5.219341,348,0.625,0.623655396088637
5.228578,349,0.625,0.624261475190764
5.237803,350,0.625,0.624261475190764
5.248192,351,0.625,0.624261475190764
5.256991,352,0.625,0.624261475190764
5.266057,353,0.625,0.624261475190764
5.274616,354,0.625,0.624261475190764
5.283537,355,0.625,0.624261475190764
5.293674,356,0.625,0.623655396088637
5.302188,357,0.625,0.624261475190764
5.31245,358,0.625,0.624261475190764
5.321958,359,0.625,0.624261475190764
5.332328,360,0.625,0.624261475190764
5.342339,361,0.625,0.623655396088637
5.351379,362,0.625,0.624261475190764
5.361255,363,0.625,0.624261475190764
5.370646,364,0.625,0.624261475190764
5.379663,365,0.625,0.624261475190764
5.388372,366,0.625,0.624261475190764
5.397578,367,0.625,0.624261475190764
5.406372,368,0.625,0.624261475190764
5.415703,369,0.625,0.624261475190764
5.424763,370,0.625,0.624261475190764
5.43398,371,0.625,0.624261475190764
5.4429,372,0.625,0.624261475190764
5.451959,373,0.625,0.624261475190764
5.461091,374,0.625,0.624261475190764
5.469984,375,0.625,0.624261475190764
5.479392,376,0.625,0.624261475190764
5.488454,377,0.625,0.624261475190764
5.497655,378,0.625,0.624261475190764
5.507312,379,0.625,0.624261475190764
5.516149,380,0.625,0.624867554292891
5.525455,381,0.625,0.624261475190764
5.534469,382,0.625,0.624261475190764
5.544345,383,0.625,0.624261475190764
5.553357,384,0.625,0.624261475190764
5.563526,385,0.625,0.624261475190764
5.573761,386,0.625,0.624261475190764
5.582216,387,0.625,0.624261475190764
5.591739,388,0.625,0.624261475190764
5.601032,389,0.519999980926514,0.624261475190764
5.611337,390,0.519999980926514,0.624261475190764
5.62015,391,0.519999980926514,0.604866943922701
5.629802,392,0.519999980926514,0.530925293463213
5.638516,393,0.519999980926514,0.506682129378134
5.648687,394,0.519999980926514,0.505469971173881
5.657365,395,0.519999980926514,0.505469971173881
5.666202,396,0.519999980926514,0.505469971173881
5.675628,397,0.519999980926514,0.505469971173881
5.684701,398,0.519999980926514,0.505469971173881
5.693808,399,0.519999980926514,0.505469971173881
5.704769,400,0.519999980926514,0.506076050276008
5.713512,401,0.519999980926514,0.506076050276008
5.723266,402,0.519999980926514,0.506076050276008
5.732431,403,0.519999980926514,0.506682129378134
5.743113,404,0.519999980926514,0.506076050276008
5.752396,405,0.519999980926514,0.506076050276008
5.763133,406,0.519999980926514,0.506076050276008
5.772364,407,0.519999980926514,0.507288208480261
5.781437,408,0.519999980926514,0.510318603990896
5.79098,409,0.519999980926514,0.513348999501531
5.801461,410,0.519999980926514,0.514561157705785
5.81044,411,0.519999980926514,0.514561157705785
5.819549,412,0.519999980926514,0.514561157705785
5.829293,413,0.519999980926514,0.515167236807912
5.837685,414,0.519999980926514,0.515167236807912
5.846683,415,0.519999980926514,0.515773315910039
5.856603,416,0.519999980926514,0.515773315910039
5.866737,417,0.519999980926514,0.516985474114293
5.876929,418,0.519999980926514,0.516985474114293
5.887223,419,0.519999980926514,0.51759155321642
5.896855,420,0.519999980926514,0.51759155321642
5.906142,421,0.519999980926514,0.51759155321642
5.916449,422,0.519999980926514,0.518197632318547
5.925437,423,0.519999980926514,0.518197632318547
5.935074,424,0.519999980926514,0.518197632318547
5.944257,425,0.519999980926514,0.518197632318547
5.953247,426,0.519999980926514,0.518803711420674
5.963566,427,0.519999980926514,0.518803711420674
5.972676,428,0.519999980926514,0.519409790522801
5.981743,429,0.519999980926514,0.518803711420674
5.99011,430,0.519999980926514,0.518803711420674
5.998497,431,0.519999980926514,0.519409790522801
6.006962,432,0.519999980926514,0.518803711420674
6.016228,433,0.519999980926514,0.518803711420674
6.026414,434,0.519999980926514,0.518803711420674
6.035398,435,0.519999980926514,0.518803711420674
6.045441,436,0.519999980926514,0.518803711420674
6.05451,437,0.519999980926514,0.519409790522801
6.064476,438,0.519999980926514,0.518803711420674
6.074454,439,0.519999980926514,0.518803711420674
6.084776,440,0.519999980926514,0.519409790522801
6.095255,441,0.519999980926514,0.518803711420674
6.104254,442,0.519999980926514,0.518803711420674
6.112874,443,0.519999980926514,0.518803711420674
6.122921,444,0.519999980926514,0.518803711420674
6.133232,445,0.519999980926514,0.519409790522801
6.143284,446,0.519999980926514,0.518803711420674
6.153664,447,0.519999980926514,0.519409790522801
6.163712,448,0.519999980926514,0.519409790522801
6.172695,449,0.519999980926514,0.519409790522801
6.181934,450,0.519999980926514,0.518803711420674
6.191726,451,0.519999980926514,0.518803711420674
6.201095,452,0.519999980926514,0.519409790522801
6.211854,453,0.519999980926514,0.519409790522801
6.220247,454,0.519999980926514,0.519409790522801
6.230526,455,0.519999980926514,0.518803711420674
6.240736,456,0.519999980926514,0.519409790522801
6.251032,457,0.519999980926514,0.518803711420674
6.26095,458,0.519999980926514,0.519409790522801
6.2712,459,0.519999980926514,0.518803711420674
6.281149,460,0.519999980926514,0.519409790522801
6.291282,461,0.519999980926514,0.519409790522801
6.300362,462,0.519999980926514,0.518803711420674
6.3092,463,0.519999980926514,0.519409790522801
6.317551,464,0.519999980926514,0.519409790522801
6.326034,465,0.519999980926514,0.518803711420674
6.335227,466,0.519999980926514,0.518803711420674
6.345435,467,0.519999980926514,0.519409790522801
6.355624,468,0.519999980926514,0.519409790522801
6.363966,469,0.519999980926514,0.518803711420674
6.374021,470,0.519999980926514,0.518803711420674
6.382713,471,0.519999980926514,0.518803711420674
6.391472,472,0.519999980926514,0.519409790522801
6.40167,473,0.519999980926514,0.519409790522801
6.411913,474,0.519999980926514,0.519409790522801
6.420279,475,0.519999980926514,0.519409790522801
6.429035,476,0.519999980926514,0.519409790522801
6.438168,477,0.519999980926514,0.519409790522801
6.4484,478,0.519999980926514,0.519409790522801
6.457387,479,0.519999980926514,0.519409790522801
6.466029,480,0.519999980926514,0.518803711420674
6.476401,481,0.519999980926514,0.519409790522801
6.486484,482,0.519999980926514,0.519409790522801
6.49568,483,0.519999980926514,0.519409790522801
6.504241,484,0.519999980926514,0.519409790522801
6.51349,485,0.519999980926514,0.519409790522801
6.522071,486,0.519999980926514,0.519409790522801
6.531505,487,0.519999980926514,0.519409790522801
6.541731,488,0.519999980926514,0.519409790522801
6.552867,489,0.519999980926514,0.519409790522801
6.562278,490,0.519999980926514,0.519409790522801
6.571155,491,0.519999980926514,0.519409790522801
6.58094,492,0.519999980926514,0.519409790522801
6.590302,493,0.519999980926514,0.518803711420674
6.599835,494,0.519999980926514,0.518803711420674
6.609248,495,0.519999980926514,0.519409790522801
6.617795,496,0.519999980926514,0.519409790522801
6.62713,497,0.519999980926514,0.519409790522801
6.635675,498,0.519999980926514,0.519409790522801
6.644287,499,0.519999980926514,0.519409790522801
6.654,500,0.519999980926514,0.519409790522801
6.663036,501,0.519999980926514,0.518803711420674
6.672132,502,0.519999980926514,0.519409790522801
6.681434,503,0.519999980926514,0.519409790522801
6.690505,504,0.519999980926514,0.519409790522801
6.700253,505,0.519999980926514,0.519409790522801
6.709755,506,0.519999980926514,0.519409790522801
6.719335,507,0.519999980926514,0.519409790522801
6.729142,508,0.519999980926514,0.518803711420674
6.739774,509,0.519999980926514,0.519409790522801
6.750104,510,0.519999980926514,0.519409790522801
6.758806,511,0.519999980926514,0.519409790522801
6.767506,512,0.519999980926514,0.519409790522801
6.776296,513,0.519999980926514,0.519409790522801
6.785301,514,0.519999980926514,0.519409790522801
6.793803,515,0.519999980926514,0.519409790522801
6.803531,516,0.519999980926514,0.519409790522801
6.812239,517,0.519999980926514,0.519409790522801
6.821496,518,0.519999980926514,0.519409790522801
6.830372,519,0.519999980926514,0.519409790522801
6.839182,520,0.519999980926514,0.519409790522801
6.848246,521,0.519999980926514,0.519409790522801
6.863513,522,0.519999980926514,0.519409790522801
6.872715,523,0.519999980926514,0.519409790522801
6.882727,524,0.519999980926514,0.519409790522801
6.891492,525,0.519999980926514,0.519409790522801
6.899946,526,0.519999980926514,0.519409790522801
6.910113,527,0.519999980926514,0.518803711420674
6.92035,528,0.519999980926514,0.518803711420674
6.929385,529,0.519999980926514,0.519409790522801
6.942215,530,0.519999980926514,0.519409790522801
6.951958,531,0.519999980926514,0.519409790522801
6.960932,532,0.519999980926514,0.519409790522801
6.971241,533,0.519999980926514,0.519409790522801
6.980091,534,0.519999980926514,0.519409790522801
6.988906,535,0.519999980926514,0.519409790522801
6.998018,536,0.519999980926514,0.519409790522801
7.007403,537,0.519999980926514,0.519409790522801
7.015753,538,0.519999980926514,0.519409790522801
7.024772,539,0.519999980926514,0.519409790522801
7.033804,540,0.519999980926514,0.519409790522801
7.047948,541,0.519999980926514,0.518803711420674
