Time [s] , Frame nr,Sent pressure 0,Received pressure 0
1.748232,0,0.519999980926514,0.505469971173881
1.751159,1,0.519999980926514,0.505469971173881
2.204323,2,0.519999980926514,0.505469971173881
2.22924,3,0.519999980926514,0.506682129378134
2.237412,4,0.519999980926514,0.510318603990896
2.247785,5,0.519999980926514,0.510318603990896
2.256491,6,0.519999980926514,0.513348999501531
2.26556,7,0.519999980926514,0.515773315910039
2.274726,8,0.519999980926514,0.516379395012166
2.284592,9,0.519999980926514,0.516379395012166
2.294684,10,0.519999980926514,0.516379395012166
2.303599,11,0.519999980926514,0.516379395012166
2.312755,12,0.519999980926514,0.516985474114293
2.322411,13,0.519999980926514,0.518197632318547
2.331094,14,0.519999980926514,0.518197632318547
2.34044,15,0.519999980926514,0.518197632318547
2.349916,16,0.519999980926514,0.518197632318547
2.359503,17,0.519999980926514,0.518197632318547
2.368441,18,0.519999980926514,0.518197632318547
2.377703,19,0.519999980926514,0.518197632318547
2.386638,20,0.519999980926514,0.518197632318547
2.396595,21,0.519999980926514,0.518803711420674
2.406245,22,0.519999980926514,0.518803711420674
2.415728,23,0.519999980926514,0.518803711420674
2.424538,24,0.519999980926514,0.518803711420674
2.434217,25,0.519999980926514,0.518803711420674
2.444092,26,0.519999980926514,0.518803711420674
2.454083,27,0.519999980926514,0.518803711420674
2.463516,28,0.519999980926514,0.518803711420674
2.472553,29,0.519999980926514,0.518803711420674
2.481273,30,0.519999980926514,0.518803711420674
2.489789,31,0.519999980926514,0.518803711420674
2.500704,32,0.519999980926514,0.518803711420674
2.51004,33,0.519999980926514,0.518803711420674
2.519177,34,0.519999980926514,0.518803711420674
2.527518,35,0.519999980926514,0.518803711420674
2.535898,36,0.519999980926514,0.518803711420674
2.546185,37,0.519999980926514,0.518803711420674
2.554619,38,0.519999980926514,0.518803711420674
2.563305,39,0.519999980926514,0.518803711420674
2.572316,40,0.519999980926514,0.518197632318547
2.582429,41,0.519999980926514,0.518803711420674
2.591545,42,0.519999980926514,0.518803711420674
2.59998,43,0.519999980926514,0.518803711420674
2.610313,44,0.519999980926514,0.518803711420674
2.618832,45,0.519999980926514,0.518803711420674
2.627791,46,0.519999980926514,0.518803711420674
2.636515,47,0.519999980926514,0.518803711420674
2.645518,48,0.519999980926514,0.518803711420674
2.655803,49,0.519999980926514,0.518197632318547
2.665858,50,0.519999980926514,0.518803711420674
2.679523,51,0.519999980926514,0.518197632318547
2.688065,52,0.519999980926514,0.518197632318547
2.698513,53,0.519999980926514,0.518803711420674
2.706825,54,0.519999980926514,0.518197632318547
2.71577,55,0.519999980926514,0.518197632318547
2.726116,56,0.519999980926514,0.518197632318547
2.73518,57,0.519999980926514,0.518197632318547
2.744596,58,0.519999980926514,0.518197632318547
2.754128,59,0.519999980926514,0.518197632318547
2.763232,60,0.519999980926514,0.518197632318547
2.771667,61,0.519999980926514,0.518197632318547
2.78133,62,0.519999980926514,0.518197632318547
2.790276,63,0.519999980926514,0.518197632318547
2.798771,64,0.519999980926514,0.518197632318547
2.809566,65,0.519999980926514,0.518197632318547
2.818679,66,0.519999980926514,0.518197632318547
2.827937,67,0.519999980926514,0.518197632318547
2.838355,68,0.519999980926514,0.518197632318547
2.846656,69,0.519999980926514,0.518197632318547
2.856261,70,0.519999980926514,0.518197632318547
2.864666,71,0.519999980926514,0.518197632318547
2.873293,72,0.519999980926514,0.518197632318547
2.88377,73,0.519999980926514,0.518197632318547
2.893888,74,0.519999980926514,0.518197632318547
2.904435,75,0.519999980926514,0.518197632318547
2.913741,76,0.519999980926514,0.518197632318547
2.923848,77,0.519999980926514,0.518197632318547
2.932276,78,0.519999980926514,0.518197632318547
2.942571,79,0.519999980926514,0.518197632318547
2.951664,80,0.519999980926514,0.51759155321642
2.961539,81,0.519999980926514,0.518197632318547
2.970103,82,0.519999980926514,0.518197632318547
2.980298,83,0.519999980926514,0.518197632318547
2.990542,84,0.519999980926514,0.518197632318547
2.999135,85,0.519999980926514,0.518197632318547
3.009522,86,0.519999980926514,0.518197632318547
3.020385,87,0.519999980926514,0.518197632318547
3.029415,88,0.519999980926514,0.518197632318547
3.03974,89,0.519999980926514,0.518197632318547
3.048703,90,0.519999980926514,0.518197632318547
3.058919,91,0.519999980926514,0.518197632318547
3.070292,92,0.519999980926514,0.518197632318547
3.080499,93,0.519999980926514,0.518197632318547
3.090234,94,0.519999980926514,0.518197632318547
3.099162,95,0.519999980926514,0.518197632318547
3.108405,96,0.519999980926514,0.518197632318547
3.117738,97,0.519999980926514,0.518197632318547
3.127951,98,0.519999980926514,0.518197632318547
3.136728,99,0.519999980926514,0.51759155321642
3.145218,100,0.519999980926514,0.51759155321642
3.153956,101,0.519999980926514,0.518197632318547
3.164028,102,0.519999980926514,0.518197632318547
3.173375,103,0.519999980926514,0.51759155321642
3.184418,104,0.519999980926514,0.518197632318547
3.192813,105,0.519999980926514,0.518197632318547
3.202119,106,0.519999980926514,0.518197632318547
3.210486,107,0.519999980926514,0.51759155321642
3.219949,108,0.519999980926514,0.51759155321642
3.230003,109,0.519999980926514,0.518197632318547
3.239316,110,0.519999980926514,0.51759155321642
3.249444,111,0.519999980926514,0.51759155321642
3.258579,112,0.519999980926514,0.51759155321642
3.266956,113,0.519999980926514,0.51759155321642
3.277141,114,0.519999980926514,0.51759155321642
3.285602,115,0.519999980926514,0.51759155321642
3.295448,116,0.519999980926514,0.51759155321642
3.30512,117,0.519999980926514,0.51759155321642
3.315482,118,0.519999980926514,0.51759155321642
3.324085,119,0.519999980926514,0.51759155321642
3.334449,120,0.519999980926514,0.51759155321642
3.342906,121,0.519999980926514,0.51759155321642
3.352896,122,0.519999980926514,0.51759155321642
3.363177,123,0.519999980926514,0.51759155321642
3.37353,124,0.519999980926514,0.51759155321642
3.383951,125,0.519999980926514,0.51759155321642
3.394248,126,0.519999980926514,0.51759155321642
3.405852,127,0.519999980926514,0.51759155321642
3.415733,128,0.519999980926514,0.51759155321642
3.426157,129,0.519999980926514,0.51759155321642
3.434915,130,0.519999980926514,0.51759155321642
3.445133,131,0.519999980926514,0.51759155321642
3.45368,132,0.519999980926514,0.51759155321642
3.464975,133,0.519999980926514,0.51759155321642
3.473985,134,0.519999980926514,0.51759155321642
3.483296,135,0.519999980926514,0.51759155321642
3.492636,136,0.519999980926514,0.51759155321642
3.50138,137,0.519999980926514,0.51759155321642
3.510781,138,0.519999980926514,0.51759155321642
3.521065,139,0.519999980926514,0.51759155321642
3.531086,140,0.519999980926514,0.516985474114293
3.540714,141,0.519999980926514,0.51759155321642
3.549735,142,0.519999980926514,0.51759155321642
3.559826,143,0.519999980926514,0.51759155321642
3.570105,144,0.519999980926514,0.51759155321642
3.580101,145,0.519999980926514,0.51759155321642
3.589973,146,0.519999980926514,0.51759155321642
3.598384,147,0.519999980926514,0.51759155321642
3.608732,148,0.519999980926514,0.516985474114293
3.618873,149,0.519999980926514,0.516985474114293
3.62747,150,0.519999980926514,0.51759155321642
3.637478,151,0.519999980926514,0.51759155321642
3.647511,152,0.519999980926514,0.51759155321642
3.656401,153,0.519999980926514,0.51759155321642
3.666833,154,0.519999980926514,0.516985474114293
3.67523,155,0.519999980926514,0.51759155321642
3.6842,156,0.519999980926514,0.51759155321642
3.693636,157,0.519999980926514,0.516985474114293
3.70377,158,0.519999980926514,0.51759155321642
3.713864,159,0.519999980926514,0.516985474114293
3.723203,160,0.519999980926514,0.51759155321642
3.733674,161,0.519999980926514,0.51759155321642
3.742076,162,0.519999980926514,0.51759155321642
3.752228,163,0.519999980926514,0.51759155321642
3.761319,164,0.519999980926514,0.51759155321642
3.770346,165,0.519999980926514,0.51759155321642
3.7787,166,0.519999980926514,0.516985474114293
3.787379,167,0.519999980926514,0.516985474114293
3.797139,168,0.519999980926514,0.51759155321642
3.806439,169,0.519999980926514,0.51759155321642
3.814991,170,0.519999980926514,0.51759155321642
3.823396,171,0.519999980926514,0.516985474114293
3.832217,172,0.519999980926514,0.516985474114293
3.840745,173,0.519999980926514,0.51759155321642
3.851068,174,0.519999980926514,0.51759155321642
3.860348,175,0.519999980926514,0.516985474114293
3.87058,176,0.519999980926514,0.516985474114293
3.880779,177,0.519999980926514,0.51759155321642
3.889531,178,0.519999980926514,0.51759155321642
3.900473,179,0.519999980926514,0.51759155321642
3.910879,180,0.519999980926514,0.51759155321642
3.921304,181,0.519999980926514,0.51759155321642
3.931515,182,0.519999980926514,0.51759155321642
3.941818,183,0.519999980926514,0.51759155321642
3.951941,184,0.519999980926514,0.51759155321642
3.961965,185,0.519999980926514,0.51759155321642
3.97105,186,0.519999980926514,0.51759155321642
3.981287,187,0.519999980926514,0.51759155321642
3.991769,188,0.519999980926514,0.51759155321642
4.001961,189,0.519999980926514,0.51759155321642
4.011111,190,0.519999980926514,0.51759155321642
4.021397,191,0.519999980926514,0.51759155321642
4.030457,192,0.519999980926514,0.51759155321642
4.039035,193,0.519999980926514,0.51759155321642
4.047385,194,0.519999980926514,0.51759155321642
4.056096,195,0.519999980926514,0.51759155321642
4.066626,196,0.519999980926514,0.51759155321642
4.077137,197,0.519999980926514,0.51759155321642
4.087304,198,0.519999980926514,0.51759155321642
4.097353,199,0.519999980926514,0.51759155321642
4.106037,200,0.519999980926514,0.51759155321642
4.114937,201,0.519999980926514,0.51759155321642
4.123333,202,0.519999980926514,0.51759155321642
4.132841,203,0.519999980926514,0.51759155321642
4.143157,204,0.519999980926514,0.51759155321642
4.151794,205,0.519999980926514,0.51759155321642
4.161948,206,0.519999980926514,0.51759155321642
4.170772,207,0.519999980926514,0.51759155321642
4.180993,208,0.519999980926514,0.51759155321642
4.189705,209,0.519999980926514,0.51759155321642
4.198866,210,0.519999980926514,0.51759155321642
4.207324,211,0.519999980926514,0.51759155321642
4.217462,212,0.519999980926514,0.51759155321642
4.226847,213,0.519999980926514,0.51759155321642
4.236365,214,0.519999980926514,0.51759155321642
4.246968,215,0.519999980926514,0.51759155321642
4.256516,216,0.519999980926514,0.51759155321642
4.266881,217,0.519999980926514,0.51759155321642
4.27688,218,0.519999980926514,0.51759155321642
4.287037,219,0.519999980926514,0.51759155321642
4.297911,220,0.519999980926514,0.51759155321642
4.306608,221,0.519999980926514,0.51759155321642
4.317522,222,0.519999980926514,0.51759155321642
4.325971,223,0.519999980926514,0.51759155321642
4.334807,224,0.519999980926514,0.51759155321642
4.346023,225,0.519999980926514,0.51759155321642
4.356026,226,0.519999980926514,0.51759155321642
4.366767,227,0.519999980926514,0.51759155321642
4.375575,228,0.519999980926514,0.518197632318547
4.38577,229,0.519999980926514,0.518197632318547
4.3959,230,0.519999980926514,0.51759155321642
4.407037,231,0.519999980926514,0.518197632318547
4.417292,232,0.519999980926514,0.51759155321642
4.427271,233,0.519999980926514,0.518197632318547
4.436118,234,0.519999980926514,0.518197632318547
4.444501,235,0.519999980926514,0.51759155321642
4.453393,236,0.519999980926514,0.51759155321642
4.463861,237,0.519999980926514,0.518197632318547
4.472881,238,0.519999980926514,0.518197632318547
4.481907,239,0.519999980926514,0.518197632318547
4.492455,240,0.519999980926514,0.518197632318547
4.502368,241,0.519999980926514,0.518197632318547
4.512613,242,0.519999980926514,0.518197632318547
4.522135,243,0.519999980926514,0.51759155321642
4.531805,244,0.519999980926514,0.51759155321642
4.542052,245,0.519999980926514,0.518197632318547
4.552161,246,0.519999980926514,0.51759155321642
4.561266,247,0.519999980926514,0.518197632318547
4.571305,248,0.519999980926514,0.518197632318547
4.579926,249,0.519999980926514,0.51759155321642
4.58854,250,0.519999980926514,0.51759155321642
4.59849,251,0.519999980926514,0.518197632318547
4.607131,252,0.519999980926514,0.51759155321642
4.61727,253,0.519999980926514,0.518197632318547
4.627297,254,0.519999980926514,0.518197632318547
4.637459,255,0.519999980926514,0.51759155321642
4.646846,256,0.519999980926514,0.518197632318547
4.656209,257,0.519999980926514,0.518197632318547
4.664697,258,0.519999980926514,0.518197632318547
4.673497,259,0.519999980926514,0.51759155321642
4.68239,260,0.519999980926514,0.51759155321642
4.693156,261,0.519999980926514,0.51759155321642
4.703822,262,0.519999980926514,0.518197632318547
4.712511,263,0.519999980926514,0.51759155321642
4.722263,264,0.519999980926514,0.518197632318547
4.73254,265,0.519999980926514,0.518197632318547
4.742105,266,0.519999980926514,0.518197632318547
4.751817,267,0.519999980926514,0.518197632318547
4.762202,268,0.519999980926514,0.51759155321642
4.771412,269,0.519999980926514,0.518197632318547
4.781511,270,0.519999980926514,0.518197632318547
4.791758,271,0.519999980926514,0.518197632318547
4.802084,272,0.519999980926514,0.518197632318547
4.812049,273,0.519999980926514,0.518197632318547
4.822071,274,0.519999980926514,0.518197632318547
4.830868,275,0.519999980926514,0.518197632318547
4.841162,276,0.519999980926514,0.518197632318547
4.850656,277,0.519999980926514,0.518197632318547
4.860344,278,0.519999980926514,0.518197632318547
4.870498,279,0.519999980926514,0.518197632318547
4.879318,280,0.519999980926514,0.51759155321642
4.88793,281,0.519999980926514,0.518197632318547
4.8969,282,0.519999980926514,0.518197632318547
4.905323,283,0.519999980926514,0.518197632318547
4.91552,284,0.519999980926514,0.51759155321642
4.925556,285,0.519999980926514,0.518197632318547
4.935154,286,0.519999980926514,0.518197632318547
4.945275,287,0.519999980926514,0.518197632318547
4.955574,288,0.519999980926514,0.518197632318547
4.965642,289,0.519999980926514,0.518197632318547
4.975804,290,0.519999980926514,0.518197632318547
4.985775,291,0.519999980926514,0.518197632318547
4.994496,292,0.519999980926514,0.518197632318547
5.003335,293,0.519999980926514,0.518197632318547
5.012539,294,0.519999980926514,0.518197632318547
5.021947,295,0.519999980926514,0.518197632318547
5.031824,296,0.519999980926514,0.518197632318547
5.040232,297,0.519999980926514,0.518197632318547
5.049025,298,0.519999980926514,0.518197632318547
5.057907,299,0.519999980926514,0.518197632318547
5.06805,300,0.519999980926514,0.518197632318547
5.07828,301,0.519999980926514,0.518197632318547
5.087519,302,0.519999980926514,0.518197632318547
5.098022,303,0.519999980926514,0.518197632318547
5.106709,304,0.519999980926514,0.518197632318547
5.11694,305,0.519999980926514,0.518197632318547
5.125308,306,0.519999980926514,0.518197632318547
5.133997,307,0.519999980926514,0.518197632318547
5.143516,308,0.519999980926514,0.518197632318547
5.152312,309,0.519999980926514,0.518197632318547
5.162412,310,0.519999980926514,0.518197632318547
5.172142,311,0.519999980926514,0.518197632318547
5.180602,312,0.519999980926514,0.518197632318547
5.189755,313,0.519999980926514,0.518197632318547
5.198203,314,0.519999980926514,0.518197632318547
5.206968,315,0.519999980926514,0.518197632318547
5.215721,316,0.519999980926514,0.518197632318547
5.225008,317,0.519999980926514,0.518197632318547
5.233965,318,0.519999980926514,0.518197632318547
5.243821,319,0.519999980926514,0.518197632318547
5.252915,320,0.519999980926514,0.518197632318547
5.263894,321,0.519999980926514,0.518197632318547
5.274268,322,0.519999980926514,0.518197632318547
5.283259,323,0.519999980926514,0.518197632318547
5.293128,324,0.519999980926514,0.518197632318547
5.30295,325,0.519999980926514,0.518197632318547
5.311654,326,0.519999980926514,0.518197632318547
5.322208,327,0.519999980926514,0.518197632318547
5.333267,328,0.519999980926514,0.518197632318547
5.343341,329,0.519999980926514,0.518197632318547
5.353075,330,0.519999980926514,0.518197632318547
5.36216,331,0.519999980926514,0.518197632318547
5.371063,332,0.519999980926514,0.518197632318547
5.382343,333,0.519999980926514,0.51759155321642
5.391729,334,0.519999980926514,0.518197632318547
5.402051,335,0.519999980926514,0.518197632318547
5.411614,336,0.519999980926514,0.518197632318547
5.422029,337,0.519999980926514,0.518197632318547
5.430676,338,0.519999980926514,0.518197632318547
5.439643,339,0.519999980926514,0.518197632318547
5.449794,340,0.519999980926514,0.518197632318547
5.459436,341,0.519999980926514,0.518197632318547
5.469062,342,0.519999980926514,0.518197632318547
5.479307,343,0.519999980926514,0.518197632318547
5.48841,344,0.519999980926514,0.518197632318547
5.499594,345,0.519999980926514,0.518197632318547
5.508079,346,0.519999980926514,0.518197632318547
5.519119,347,0.519999980926514,0.518197632318547
5.527487,348,0.519999980926514,0.518197632318547
5.537243,349,0.519999980926514,0.518197632318547
5.548167,350,0.519999980926514,0.518197632318547
5.557538,351,0.519999980926514,0.518197632318547
5.567002,352,0.519999980926514,0.518197632318547
5.577306,353,0.519999980926514,0.518197632318547
5.587077,354,0.519999980926514,0.518803711420674
5.596147,355,0.519999980926514,0.518197632318547
5.605282,356,0.519999980926514,0.518197632318547
5.62006,357,0.519999980926514,0.518197632318547
5.631042,358,0.519999980926514,0.518197632318547
5.641116,359,0.519999980926514,0.518197632318547
5.649879,360,0.519999980926514,0.518197632318547
5.660095,361,0.519999980926514,0.518197632318547
5.668959,362,0.519999980926514,0.518197632318547
5.679005,363,0.519999980926514,0.518197632318547
5.68847,364,0.519999980926514,0.518197632318547
5.699575,365,0.519999980926514,0.518197632318547
5.708363,366,0.519999980926514,0.518197632318547
5.717706,367,0.519999980926514,0.518197632318547
5.727958,368,0.519999980926514,0.518197632318547
5.738742,369,0.519999980926514,0.518197632318547
5.748967,370,0.519999980926514,0.518197632318547
5.758063,371,0.519999980926514,0.518197632318547
5.76775,372,0.519999980926514,0.518197632318547
5.776369,373,0.519999980926514,0.518197632318547
5.785989,374,0.519999980926514,0.518197632318547
5.796292,375,0.519999980926514,0.518197632318547
5.805119,376,0.519999980926514,0.518197632318547
5.813566,377,0.519999980926514,0.518197632318547
5.822931,378,0.519999980926514,0.518197632318547
5.831378,379,0.519999980926514,0.518197632318547
5.840755,380,0.519999980926514,0.518197632318547
5.849633,381,0.519999980926514,0.518197632318547
5.858312,382,0.519999980926514,0.518197632318547
5.866879,383,0.519999980926514,0.518197632318547
5.876346,384,0.519999980926514,0.518197632318547
5.885913,385,0.519999980926514,0.518197632318547
5.894317,386,0.519999980926514,0.518197632318547
5.905063,387,0.519999980926514,0.518197632318547
5.913805,388,0.519999980926514,0.518197632318547
5.922317,389,0.519999980926514,0.518197632318547
5.931166,390,0.519999980926514,0.518197632318547
5.942711,391,0.519999980926514,0.518197632318547
5.951803,392,0.519999980926514,0.518197632318547
5.962096,393,0.519999980926514,0.518197632318547
5.972322,394,0.519999980926514,0.518197632318547
5.98249,395,0.519999980926514,0.518197632318547
5.991957,396,0.519999980926514,0.518197632318547
6.001046,397,0.519999980926514,0.518197632318547
6.010327,398,0.519999980926514,0.518197632318547
6.02034,399,0.519999980926514,0.518197632318547
6.030455,400,0.519999980926514,0.518197632318547
6.040598,401,0.519999980926514,0.518197632318547
6.050013,402,0.519999980926514,0.518197632318547
6.059139,403,0.519999980926514,0.518197632318547
6.068089,404,0.519999980926514,0.518803711420674
6.07726,405,0.519999980926514,0.518197632318547
6.086566,406,0.519999980926514,0.518197632318547
6.096786,407,0.519999980926514,0.518197632318547
6.108966,408,0.519999980926514,0.518197632318547
6.119183,409,0.519999980926514,0.518197632318547
6.128453,410,0.519999980926514,0.518197632318547
6.138735,411,0.519999980926514,0.518197632318547
6.148889,412,0.519999980926514,0.518197632318547
6.158905,413,0.519999980926514,0.518197632318547
6.169199,414,0.519999980926514,0.518197632318547
6.17861,415,0.519999980926514,0.518197632318547
6.187605,416,0.519999980926514,0.518197632318547
6.197832,417,0.519999980926514,0.518197632318547
6.20713,418,0.519999980926514,0.518197632318547
6.216323,419,0.519999980926514,0.518197632318547
6.225136,420,0.519999980926514,0.518197632318547
6.234363,421,0.519999980926514,0.518197632318547
6.243735,422,0.519999980926514,0.518197632318547
6.253549,423,0.519999980926514,0.518197632318547
6.262233,424,0.519999980926514,0.518197632318547
6.271714,425,0.519999980926514,0.518197632318547
6.279962,426,0.519999980926514,0.518197632318547
6.28828,427,0.519999980926514,0.518197632318547
6.296766,428,0.519999980926514,0.518197632318547
6.307096,429,0.519999980926514,0.518197632318547
6.316098,430,0.519999980926514,0.518197632318547
6.324963,431,0.519999980926514,0.518197632318547
6.333965,432,0.519999980926514,0.518197632318547
6.342473,433,0.519999980926514,0.518197632318547
6.351395,434,0.519999980926514,0.518197632318547
6.361476,435,0.519999980926514,0.518803711420674
6.371649,436,0.519999980926514,0.518197632318547
6.380223,437,0.519999980926514,0.518197632318547
6.391368,438,0.519999980926514,0.518803711420674
6.400294,439,0.519999980926514,0.518197632318547
6.408835,440,0.519999980926514,0.518197632318547
6.419283,441,0.519999980926514,0.518197632318547
6.428374,442,0.519999980926514,0.518197632318547
6.439468,443,0.519999980926514,0.518803711420674
6.450052,444,0.519999980926514,0.518197632318547
6.45899,445,0.519999980926514,0.518197632318547
6.467951,446,0.519999980926514,0.518197632318547
6.477588,447,0.519999980926514,0.518197632318547
6.486382,448,0.519999980926514,0.518197632318547
6.496561,449,0.519999980926514,0.518197632318547
6.505283,450,0.519999980926514,0.518197632318547
6.513748,451,0.519999980926514,0.518197632318547
6.523499,452,0.519999980926514,0.518197632318547
6.53193,453,0.519999980926514,0.518197632318547
6.54041,454,0.519999980926514,0.518197632318547
6.55057,455,0.519999980926514,0.518197632318547
6.560309,456,0.519999980926514,0.518803711420674
6.569166,457,0.519999980926514,0.518803711420674
6.578282,458,0.519999980926514,0.518197632318547
6.588448,459,0.519999980926514,0.518197632318547
6.598518,460,0.519999980926514,0.518197632318547
6.607498,461,0.519999980926514,0.518197632318547
6.616477,462,0.519999980926514,0.518197632318547
6.625375,463,0.519999980926514,0.518197632318547
6.635548,464,0.519999980926514,0.518197632318547
6.644251,465,0.519999980926514,0.518197632318547
6.653889,466,0.519999980926514,0.518197632318547
6.662796,467,0.519999980926514,0.518197632318547
6.672144,468,0.519999980926514,0.518197632318547
6.681533,469,0.519999980926514,0.518197632318547
6.691219,470,0.519999980926514,0.518197632318547
6.699687,471,0.519999980926514,0.518197632318547
6.709496,472,0.519999980926514,0.518197632318547
6.719129,473,0.519999980926514,0.518197632318547
6.727759,474,0.625,0.518197632318547
6.737875,475,0.625,0.518197632318547
6.747043,476,0.625,0.518197632318547
6.755468,477,0.625,0.521834106931308
6.764951,478,0.625,0.563653564978068
6.774814,479,0.625,0.592745361880162
6.783574,480,0.625,0.592745361880162
6.79528,481,0.625,0.604866943922701
6.805527,482,0.625,0.620018921475875
6.815128,483,0.625,0.624261475190764
6.824004,484,0.625,0.627291870701399
6.833088,485,0.625,0.627897949803526
6.842053,486,0.625,0.627897949803526
6.851071,487,0.625,0.627291870701399
6.85954,488,0.625,0.626685791599272
6.867929,489,0.625,0.626685791599272
6.876496,490,0.625,0.625473633395018
6.886712,491,0.625,0.625473633395018
6.89687,492,0.625,0.625473633395018
6.908474,493,0.625,0.624867554292891
6.918383,494,0.625,0.624261475190764
6.928623,495,0.625,0.623655396088637
6.938784,496,0.625,0.623655396088637
6.947341,497,0.625,0.623655396088637
6.956596,498,0.625,0.62304931698651
6.966341,499,0.625,0.62304931698651
6.976369,500,0.625,0.622443237884383
6.984735,501,0.625,0.622443237884383
6.993589,502,0.625,0.622443237884383
7.002164,503,0.625,0.622443237884383
7.011889,504,0.625,0.622443237884383
7.020319,505,0.625,0.622443237884383
7.029535,506,0.625,0.622443237884383
7.038505,507,0.625,0.62304931698651
7.04882,508,0.625,0.62304931698651
7.05899,509,0.625,0.62304931698651
7.067831,510,0.625,0.62304931698651
7.078474,511,0.625,0.623655396088637
7.088232,512,0.625,0.623655396088637
7.098563,513,0.625,0.623655396088637
7.109773,514,0.625,0.623655396088637
7.118196,515,0.625,0.623655396088637
7.128234,516,0.625,0.623655396088637
7.138184,517,0.625,0.623655396088637
7.14664,518,0.625,0.623655396088637
7.155339,519,0.625,0.623655396088637
7.165532,520,0.625,0.623655396088637
7.175158,521,0.625,0.623655396088637
7.186611,522,0.625,0.623655396088637
7.196797,523,0.625,0.623655396088637
7.206324,524,0.625,0.623655396088637
7.216392,525,0.625,0.623655396088637
7.226499,526,0.625,0.623655396088637
7.237249,527,0.625,0.623655396088637
7.247525,528,0.625,0.623655396088637
7.256592,529,0.625,0.623655396088637
7.266663,530,0.625,0.623655396088637
7.276535,531,0.625,0.623655396088637
7.285408,532,0.625,0.623655396088637
7.29403,533,0.625,0.623655396088637
7.303843,534,0.625,0.623655396088637
7.314095,535,0.625,0.623655396088637
7.32392,536,0.625,0.623655396088637
7.332217,537,0.625,0.623655396088637
7.342793,538,0.625,0.62304931698651
7.353719,539,0.625,0.623655396088637
7.3626,540,0.625,0.623655396088637
7.371486,541,0.625,0.62304931698651
7.381742,542,0.625,0.62304931698651
7.390392,543,0.625,0.623655396088637
7.400422,544,0.625,0.623655396088637
7.410357,545,0.625,0.623655396088637
7.421173,546,0.625,0.623655396088637
7.429804,547,0.625,0.623655396088637
7.438375,548,0.625,0.62304931698651
7.44731,549,0.625,0.62304931698651
7.456738,550,0.625,0.62304931698651
7.466941,551,0.625,0.623655396088637
7.476672,552,0.625,0.623655396088637
7.486104,553,0.625,0.62304931698651
7.494983,554,0.625,0.62304931698651
7.50412,555,0.625,0.623655396088637
7.512873,556,0.625,0.62304931698651
7.522756,557,0.625,0.62304931698651
7.532823,558,0.625,0.62304931698651
7.541536,559,0.625,0.623655396088637
7.551704,560,0.625,0.623655396088637
7.560124,561,0.625,0.623655396088637
7.57005,562,0.625,0.62304931698651
7.579845,563,0.625,0.62304931698651
7.589672,564,0.625,0.62304931698651
7.597947,565,0.625,0.62304931698651
7.607026,566,0.625,0.62304931698651
7.617072,567,0.625,0.623655396088637
7.626383,568,0.625,0.62304931698651
7.637243,569,0.625,0.62304931698651
7.645667,570,0.625,0.62304931698651
7.654306,571,0.625,0.623655396088637
7.664572,572,0.625,0.623655396088637
7.673123,573,0.625,0.623655396088637
7.684154,574,0.625,0.62304931698651
7.692533,575,0.625,0.62304931698651
7.701816,576,0.625,0.62304931698651
7.711266,577,0.625,0.623655396088637
7.719999,578,0.625,0.623655396088637
7.728757,579,0.625,0.623655396088637
7.739617,580,0.625,0.62304931698651
7.748392,581,0.625,0.62304931698651
7.758596,582,0.625,0.62304931698651
7.769308,583,0.625,0.623655396088637
7.778737,584,0.625,0.623655396088637
7.789091,585,0.625,0.623655396088637
7.798275,586,0.625,0.62304931698651
7.808008,587,0.625,0.623655396088637
7.818529,588,0.625,0.623655396088637
7.827487,589,0.625,0.623655396088637
7.837754,590,0.625,0.623655396088637
7.854106,591,0.625,0.623655396088637
7.863703,592,0.625,0.623655396088637
7.872083,593,0.625,0.623655396088637
7.881367,594,0.625,0.623655396088637
7.890408,595,0.625,0.623655396088637
7.899605,596,0.625,0.623655396088637
7.90804,597,0.625,0.623655396088637
7.917685,598,0.625,0.623655396088637
7.926986,599,0.625,0.623655396088637
7.937147,600,0.625,0.623655396088637
7.94728,601,0.625,0.623655396088637
7.956301,602,0.625,0.623655396088637
7.96614,603,0.625,0.623655396088637
7.976211,604,0.625,0.623655396088637
7.986419,605,0.625,0.623655396088637
7.995579,606,0.625,0.624261475190764
8.003944,607,0.625,0.623655396088637
8.013585,608,0.625,0.623655396088637
8.023131,609,0.625,0.623655396088637
8.033314,610,0.625,0.623655396088637
8.042848,611,0.625,0.623655396088637
8.051785,612,0.625,0.623655396088637
8.061028,613,0.625,0.623655396088637
8.069984,614,0.625,0.623655396088637
8.079314,615,0.625,0.624261475190764
8.088943,616,0.625,0.624261475190764
8.098115,617,0.625,0.624261475190764
8.106987,618,0.625,0.623655396088637
8.117169,619,0.625,0.624261475190764
8.127202,620,0.625,0.624261475190764
8.135796,621,0.625,0.624261475190764
8.145909,622,0.625,0.623655396088637
8.155478,623,0.625,0.623655396088637
8.16407,624,0.625,0.623655396088637
8.174184,625,0.625,0.623655396088637
8.184513,626,0.625,0.624261475190764
8.195051,627,0.625,0.624261475190764
8.203729,628,0.625,0.623655396088637
8.213797,629,0.625,0.623655396088637
8.222677,630,0.625,0.623655396088637
8.231696,631,0.625,0.624261475190764
8.241579,632,0.625,0.623655396088637
8.251337,633,0.625,0.623655396088637
8.259712,634,0.625,0.624261475190764
8.268852,635,0.625,0.624261475190764
8.277647,636,0.625,0.624261475190764
8.287766,637,0.625,0.624261475190764
8.296772,638,0.625,0.624261475190764
8.306843,639,0.625,0.624261475190764
8.315648,640,0.625,0.623655396088637
8.32456,641,0.625,0.624261475190764
8.333517,642,0.625,0.624261475190764
8.342252,643,0.625,0.624261475190764
8.350982,644,0.625,0.624261475190764
8.35934,645,0.625,0.623655396088637
8.368573,646,0.625,0.624261475190764
8.378058,647,0.625,0.624261475190764
8.387951,648,0.625,0.624261475190764
8.396938,649,0.625,0.624261475190764
8.406672,650,0.625,0.624261475190764
8.416379,651,0.625,0.624261475190764
8.425047,652,0.625,0.624261475190764
8.433979,653,0.625,0.624261475190764
8.44254,654,0.625,0.624261475190764
8.451148,655,0.625,0.624261475190764
8.460028,656,0.625,0.624261475190764
8.470349,657,0.625,0.624261475190764
8.47946,658,0.625,0.624261475190764
8.488479,659,0.625,0.624261475190764
8.497597,660,0.625,0.624261475190764
8.507751,661,0.625,0.624261475190764
8.51784,662,0.625,0.623655396088637
8.527246,663,0.625,0.624261475190764
8.537838,664,0.625,0.624261475190764
8.548594,665,0.625,0.624261475190764
8.558442,666,0.625,0.624261475190764
8.566813,667,0.625,0.624261475190764
8.577024,668,0.625,0.624261475190764
8.585469,669,0.625,0.624261475190764
8.59628,670,0.625,0.624261475190764
8.606587,671,0.625,0.624261475190764
8.615243,672,0.625,0.624261475190764
8.625321,673,0.625,0.624261475190764
8.634185,674,0.625,0.624261475190764
8.644832,675,0.625,0.623655396088637
8.655102,676,0.625,0.624261475190764
8.66347,677,0.625,0.624261475190764
8.673646,678,0.625,0.624261475190764
8.682021,679,0.625,0.624261475190764
8.690563,680,0.625,0.624261475190764
8.701066,681,0.625,0.624261475190764
8.70961,682,0.625,0.624261475190764
8.719785,683,0.625,0.624261475190764
8.730464,684,0.625,0.624261475190764
8.739772,685,0.625,0.624261475190764
8.749889,686,0.625,0.624261475190764
8.760267,687,0.625,0.624261475190764
8.770507,688,0.625,0.624261475190764
8.780766,689,0.625,0.623655396088637
8.79098,690,0.625,0.624261475190764
8.800107,691,0.625,0.624261475190764
8.809584,692,0.625,0.624261475190764
8.819729,693,0.625,0.624261475190764
8.828571,694,0.625,0.624261475190764
8.838954,695,0.625,0.624261475190764
8.847646,696,0.625,0.624261475190764
8.856178,697,0.625,0.624261475190764
8.866489,698,0.625,0.624261475190764
8.875162,699,0.625,0.624261475190764
8.883998,700,0.625,0.624261475190764
8.894116,701,0.625,0.624261475190764
8.902971,702,0.625,0.624261475190764
8.911428,703,0.625,0.624261475190764
8.921898,704,0.625,0.624261475190764
8.931887,705,0.625,0.624261475190764
8.941579,706,0.625,0.624261475190764
8.950844,707,0.625,0.624261475190764
8.959638,708,0.625,0.624261475190764
8.969793,709,0.625,0.624261475190764
8.978907,710,0.625,0.624261475190764
8.989146,711,0.625,0.624261475190764
8.997906,712,0.625,0.624261475190764
9.007371,713,0.625,0.624261475190764
9.016332,714,0.625,0.624261475190764
9.02574,715,0.625,0.624261475190764
9.034204,716,0.625,0.624261475190764
9.044375,717,0.625,0.624261475190764
9.054095,718,0.625,0.624261475190764
9.062415,719,0.625,0.624261475190764
9.073528,720,0.625,0.624261475190764
9.082149,721,0.625,0.624261475190764
9.091098,722,0.625,0.624261475190764
9.101134,723,0.625,0.624261475190764
9.10978,724,0.625,0.624261475190764
9.118926,725,0.625,0.624261475190764
9.127485,726,0.625,0.624261475190764
9.136816,727,0.625,0.624261475190764
9.145995,728,0.625,0.624261475190764
9.155424,729,0.625,0.624261475190764
9.165595,730,0.625,0.624261475190764
9.174325,731,0.625,0.624261475190764
9.182683,732,0.625,0.624261475190764
9.191283,733,0.625,0.624261475190764
9.20038,734,0.625,0.624261475190764
9.209858,735,0.625,0.624261475190764
9.220051,736,0.625,0.624261475190764
9.229141,737,0.625,0.624261475190764
9.238527,738,0.625,0.624261475190764
9.246984,739,0.625,0.624261475190764
9.255531,740,0.625,0.624261475190764
9.265906,741,0.625,0.624261475190764
9.275838,742,0.625,0.624261475190764
9.284801,743,0.625,0.624261475190764
9.295009,744,0.625,0.624261475190764
9.30534,745,0.625,0.624261475190764
9.318531,746,0.625,0.624261475190764
9.323829,747,0.625,0.624261475190764
9.333563,748,0.625,0.624261475190764
9.343781,749,0.625,0.624261475190764
9.352873,750,0.625,0.624261475190764
9.361262,751,0.625,0.624261475190764
9.370324,752,0.625,0.624261475190764
9.378675,753,0.625,0.624261475190764
9.387243,754,0.625,0.624261475190764
9.398012,755,0.625,0.624261475190764
9.407572,756,0.625,0.624261475190764
9.416725,757,0.625,0.624261475190764
9.425946,758,0.625,0.624261475190764
9.436239,759,0.625,0.624261475190764
9.445754,760,0.625,0.624261475190764
9.4568,761,0.625,0.624261475190764
9.466279,762,0.625,0.624261475190764
9.475425,763,0.625,0.624261475190764
9.484715,764,0.625,0.624261475190764
9.494114,765,0.625,0.624261475190764
9.503032,766,0.625,0.624261475190764
9.513247,767,0.625,0.624261475190764
9.522379,768,0.625,0.624261475190764
9.531058,769,0.625,0.624261475190764
9.541178,770,0.625,0.624261475190764
9.549816,771,0.625,0.624261475190764
9.559966,772,0.625,0.624261475190764
9.568472,773,0.625,0.624261475190764
9.577452,774,0.625,0.624261475190764
9.587818,775,0.625,0.624261475190764
9.597981,776,0.625,0.624261475190764
9.608088,777,0.625,0.624261475190764
9.618276,778,0.625,0.624261475190764
9.626703,779,0.625,0.624261475190764
9.636035,780,0.625,0.624261475190764
9.646254,781,0.625,0.624261475190764
9.656539,782,0.625,0.624261475190764
9.66653,783,0.625,0.624261475190764
9.675327,784,0.625,0.624261475190764
9.684955,785,0.625,0.624261475190764
9.6943,786,0.625,0.624261475190764
9.705226,787,0.625,0.624261475190764
9.714131,788,0.625,0.624261475190764
9.724586,789,0.625,0.624261475190764
9.734654,790,0.625,0.624261475190764
9.744468,791,0.625,0.624261475190764
9.754857,792,0.625,0.624261475190764
9.764977,793,0.625,0.624261475190764
9.775002,794,0.625,0.624261475190764
9.785457,795,0.625,0.624261475190764
9.795616,796,0.625,0.624261475190764
9.805282,797,0.625,0.624261475190764
9.814034,798,0.625,0.624261475190764
9.822405,799,0.625,0.624261475190764
9.831181,800,0.625,0.624261475190764
9.840284,801,0.625,0.624261475190764
9.849463,802,0.625,0.624261475190764
9.858079,803,0.625,0.624261475190764
9.868272,804,0.625,0.624261475190764
9.878079,805,0.625,0.624261475190764
9.888306,806,0.625,0.624261475190764
9.897929,807,0.625,0.624261475190764
9.908058,808,0.625,0.624261475190764
9.918004,809,0.625,0.624261475190764
9.928119,810,0.625,0.624261475190764
9.938663,811,0.625,0.624261475190764
9.947434,812,0.625,0.624261475190764
9.957562,813,0.625,0.624261475190764
9.966099,814,0.625,0.624261475190764
9.974439,815,0.625,0.624261475190764
9.98454,816,0.625,0.624261475190764
9.993552,817,0.625,0.624261475190764
10.00347,818,0.625,0.624261475190764
10.01208,819,0.625,0.624261475190764
10.02152,820,0.625,0.624261475190764
10.03015,821,0.625,0.624261475190764
10.03912,822,0.625,0.624261475190764
10.04814,823,0.625,0.624261475190764
10.05789,824,0.625,0.624261475190764
10.06751,825,0.625,0.624261475190764
10.07668,826,0.625,0.624261475190764
10.08556,827,0.625,0.624261475190764
10.09555,828,0.625,0.624261475190764
10.10467,829,0.625,0.624261475190764
10.11497,830,0.625,0.624261475190764
10.1237,831,0.625,0.624261475190764
10.13358,832,0.625,0.624261475190764
10.14374,833,0.625,0.624261475190764
10.15207,834,0.625,0.624261475190764
10.16139,835,0.625,0.624261475190764
10.17047,836,0.625,0.624261475190764
10.17902,837,0.625,0.624261475190764
10.18926,838,0.625,0.624261475190764
10.19909,839,0.625,0.624867554292891
10.20925,840,0.625,0.624261475190764
10.21966,841,0.625,0.624261475190764
10.22853,842,0.625,0.624261475190764
10.23878,843,0.625,0.624261475190764
10.24887,844,0.625,0.624261475190764
10.25749,845,0.625,0.624261475190764
10.26763,846,0.625,0.624261475190764
10.27788,847,0.625,0.624261475190764
10.288,848,0.625,0.624261475190764
10.29827,849,0.625,0.624867554292891
10.30696,850,0.625,0.624261475190764
10.31775,851,0.625,0.624261475190764
10.32684,852,0.625,0.624261475190764
10.33522,853,0.625,0.624261475190764
10.34503,854,0.625,0.624261475190764
10.35441,855,0.625,0.624261475190764
10.36456,856,0.625,0.624261475190764
10.37369,857,0.625,0.624261475190764
10.38262,858,0.625,0.624261475190764
10.39269,859,0.625,0.624261475190764
10.40293,860,0.625,0.624867554292891
10.41138,861,0.625,0.624867554292891
10.42053,862,0.625,0.624867554292891
10.42964,863,0.625,0.624867554292891
10.43919,864,0.625,0.624261475190764
10.44763,865,0.625,0.624261475190764
10.45779,866,0.625,0.624261475190764
10.46792,867,0.625,0.624261475190764
10.47935,868,0.625,0.624261475190764
10.48888,869,0.625,0.624261475190764
10.49773,870,0.625,0.624261475190764
10.50639,871,0.625,0.624261475190764
10.51544,872,0.625,0.624261475190764
10.52519,873,0.625,0.624261475190764
10.5336,874,0.625,0.624261475190764
10.54388,875,0.625,0.623655396088637
10.55281,876,0.625,0.624261475190764
10.56171,877,0.625,0.624261475190764
10.57188,878,0.625,0.624261475190764
10.58277,879,0.625,0.624261475190764
10.5928,880,0.625,0.624261475190764
10.60125,881,0.625,0.624261475190764
10.61006,882,0.625,0.624261475190764
10.6203,883,0.625,0.624261475190764
10.62875,884,0.625,0.624261475190764
10.63858,885,0.625,0.624261475190764
10.64778,886,0.625,0.624261475190764
10.65691,887,0.625,0.624867554292891
10.66696,888,0.625,0.624261475190764
10.677,889,0.625,0.624261475190764
10.68612,890,0.625,0.624261475190764
10.69641,891,0.625,0.624261475190764
10.70512,892,0.625,0.624261475190764
10.71539,893,0.625,0.624261475190764
10.72451,894,0.625,0.624261475190764
10.73339,895,0.625,0.624261475190764
10.74201,896,0.625,0.624261475190764
10.75192,897,0.625,0.624261475190764
10.76058,898,0.625,0.624261475190764
10.7717,899,0.625,0.624261475190764
10.7804,900,0.625,0.624261475190764
10.79205,901,0.625,0.624261475190764
10.80266,902,0.625,0.624261475190764
10.81236,903,0.625,0.624261475190764
10.82256,904,0.625,0.624261475190764
10.83119,905,0.625,0.624261475190764
10.84169,906,0.625,0.624867554292891
10.85013,907,0.625,0.624261475190764
10.85871,908,0.625,0.624867554292891
10.86949,909,0.625,0.624261475190764
10.88011,910,0.625,0.624261475190764
10.88945,911,0.625,0.624261475190764
10.89918,912,0.625,0.624261475190764
10.90943,913,0.625,0.624261475190764
10.91902,914,0.625,0.624261475190764
10.92891,915,0.625,0.624261475190764
10.93865,916,0.625,0.624261475190764
10.94764,917,0.625,0.624261475190764
10.95729,918,0.625,0.624261475190764
10.96743,919,0.625,0.624261475190764
10.97812,920,0.625,0.624261475190764
10.98717,921,0.625,0.624261475190764
10.99624,922,0.625,0.624261475190764
11.00587,923,0.625,0.624261475190764
11.0143,924,0.625,0.624261475190764
11.02318,925,0.625,0.624261475190764
11.03342,926,0.625,0.624261475190764
11.04214,927,0.625,0.624261475190764
11.05182,928,0.625,0.624261475190764
11.06025,929,0.625,0.624261475190764
11.06941,930,0.625,0.624261475190764
11.07993,931,0.625,0.624261475190764
11.09007,932,0.625,0.624261475190764
11.09991,933,0.625,0.624261475190764
11.10959,934,0.625,0.624261475190764
11.11988,935,0.625,0.624261475190764
11.12883,936,0.625,0.624261475190764
11.13899,937,0.625,0.624261475190764
11.14889,938,0.625,0.624867554292891
11.15955,939,0.625,0.624261475190764
11.16806,940,0.625,0.624261475190764
11.17666,941,0.625,0.624261475190764
11.18687,942,0.625,0.624261475190764
11.19526,943,0.625,0.624261475190764
11.20625,944,0.625,0.624867554292891
11.21679,945,0.625,0.624261475190764
11.22672,946,0.625,0.624261475190764
11.23576,947,0.625,0.624261475190764
11.24588,948,0.625,0.624261475190764
11.25431,949,0.625,0.624261475190764
11.26464,950,0.625,0.624261475190764
11.27494,951,0.625,0.624261475190764
11.28445,952,0.625,0.624261475190764
11.29343,953,0.625,0.624261475190764
11.30365,954,0.625,0.624261475190764
11.31404,955,0.625,0.624261475190764
11.32261,956,0.625,0.624261475190764
11.33174,957,0.625,0.624261475190764
11.34011,958,0.625,0.624261475190764
11.34846,959,0.625,0.624261475190764
11.35688,960,0.625,0.624261475190764
11.3667,961,0.625,0.624261475190764
11.37574,962,0.625,0.624261475190764
11.38414,963,0.625,0.624261475190764
11.39457,964,0.625,0.624261475190764
11.40298,965,0.625,0.624261475190764
11.41241,966,0.625,0.624261475190764
11.42278,967,0.625,0.623655396088637
11.4329,968,0.625,0.624261475190764
11.44227,969,0.625,0.624261475190764
11.45125,970,0.625,0.624261475190764
11.45963,971,0.625,0.624261475190764
11.46985,972,0.625,0.623655396088637
11.4782,973,0.625,0.623655396088637
11.48714,974,0.625,0.624261475190764
11.49688,975,0.625,0.624261475190764
11.50589,976,0.625,0.624261475190764
11.51957,977,0.625,0.623655396088637
11.5283,978,0.625,0.623655396088637
11.53666,979,0.625,0.623655396088637
11.54555,980,0.625,0.624261475190764
11.55664,981,0.625,0.623655396088637
11.56634,982,0.625,0.624261475190764
11.57491,983,0.625,0.623655396088637
11.58374,984,0.625,0.623655396088637
11.59439,985,0.625,0.624261475190764
11.60338,986,0.625,0.623655396088637
11.61414,987,0.625,0.623655396088637
11.62367,988,0.625,0.623655396088637
11.63245,989,0.625,0.623655396088637
11.64069,990,0.625,0.623655396088637
11.65174,991,0.625,0.623655396088637
11.66009,992,0.625,0.623655396088637
11.66916,993,0.625,0.623655396088637
11.67787,994,0.625,0.623655396088637
11.68744,995,0.625,0.623655396088637
11.69768,996,0.625,0.623655396088637
11.70608,997,0.625,0.624261475190764
11.71505,998,0.625,0.623655396088637
11.72595,999,0.519999980926514,0.623655396088637
11.73477,1000,0.519999980926514,0.623655396088637
11.74388,1001,0.519999980926514,0.623655396088637
11.75318,1002,0.519999980926514,0.623655396088637
11.76241,1003,0.519999980926514,0.623655396088637
11.77138,1004,0.519999980926514,0.600624390207813
11.77979,1005,0.519999980926514,0.587896729063146
11.79012,1006,0.519999980926514,0.577593384326988
11.80016,1007,0.519999980926514,0.547895508322767
11.81032,1008,0.519999980926514,0.541834717301498
11.82043,1009,0.519999980926514,0.538804321790863
11.83065,1010,0.519999980926514,0.537592163586609
11.84059,1011,0.519999980926514,0.535773926280228
11.85001,1012,0.519999980926514,0.534561768075975
11.85846,1013,0.519999980926514,0.53153137256534
11.86855,1014,0.519999980926514,0.530319214361086
11.87869,1015,0.519999980926514,0.528500977054705
11.88913,1016,0.519999980926514,0.527894897952578
11.89952,1017,0.519999980926514,0.527288818850451
11.90862,1018,0.519999980926514,0.526682739748324
11.9182,1019,0.519999980926514,0.524258423339816
11.9266,1020,0.519999980926514,0.524258423339816
11.93598,1021,0.519999980926514,0.523652344237689
11.94545,1022,0.519999980926514,0.523046265135562
11.95588,1023,0.519999980926514,0.523046265135562
11.96496,1024,0.519999980926514,0.521834106931308
11.97491,1025,0.519999980926514,0.521228027829181
11.98548,1026,0.519999980926514,0.520621948727054
11.99581,1027,0.519999980926514,0.520015869624927
12.00603,1028,0.519999980926514,0.520015869624927
12.01614,1029,0.519999980926514,0.520015869624927
12.02594,1030,0.519999980926514,0.520015869624927
12.03448,1031,0.519999980926514,0.519409790522801
12.04474,1032,0.519999980926514,0.519409790522801
12.05352,1033,0.519999980926514,0.519409790522801
12.06503,1034,0.519999980926514,0.519409790522801
12.07425,1035,0.519999980926514,0.518803711420674
12.0844,1036,0.519999980926514,0.518803711420674
12.09477,1037,0.519999980926514,0.518803711420674
12.10354,1038,0.519999980926514,0.518803711420674
12.1126,1039,0.519999980926514,0.518803711420674
12.12331,1040,0.519999980926514,0.518803711420674
12.13193,1041,0.519999980926514,0.518803711420674
12.14263,1042,0.519999980926514,0.518197632318547
12.15096,1043,0.519999980926514,0.518197632318547
12.15957,1044,0.519999980926514,0.518197632318547
12.17031,1045,0.519999980926514,0.518197632318547
12.18062,1046,0.519999980926514,0.518197632318547
12.19059,1047,0.519999980926514,0.518197632318547
12.20087,1048,0.519999980926514,0.518197632318547
12.20926,1049,0.519999980926514,0.518197632318547
12.21805,1050,0.519999980926514,0.518197632318547
12.22828,1051,0.519999980926514,0.518197632318547
12.23809,1052,0.519999980926514,0.51759155321642
12.25247,1053,0.519999980926514,0.51759155321642
12.26261,1054,0.519999980926514,0.518197632318547
12.2721,1055,0.519999980926514,0.51759155321642
12.281,1056,0.519999980926514,0.51759155321642
12.29124,1057,0.519999980926514,0.51759155321642
12.2998,1058,0.519999980926514,0.51759155321642
12.30834,1059,0.519999980926514,0.51759155321642
12.31845,1060,0.519999980926514,0.51759155321642
12.32766,1061,0.519999980926514,0.51759155321642
12.33598,1062,0.519999980926514,0.51759155321642
12.34478,1063,0.519999980926514,0.51759155321642
12.3535,1064,0.519999980926514,0.51759155321642
12.36312,1065,0.519999980926514,0.516985474114293
12.37153,1066,0.519999980926514,0.516985474114293
12.37993,1067,0.519999980926514,0.516985474114293
12.39028,1068,0.519999980926514,0.516985474114293
12.39871,1069,0.519999980926514,0.516985474114293
12.40742,1070,0.519999980926514,0.516985474114293
12.41755,1071,0.519999980926514,0.516985474114293
12.42768,1072,0.519999980926514,0.516985474114293
12.43804,1073,0.519999980926514,0.516379395012166
12.44815,1074,0.519999980926514,0.516379395012166
12.4571,1075,0.519999980926514,0.516379395012166
12.46764,1076,0.519999980926514,0.516985474114293
12.47672,1077,0.519999980926514,0.516985474114293
12.48673,1078,0.519999980926514,0.516379395012166
12.49686,1079,0.519999980926514,0.516379395012166
12.50712,1080,0.519999980926514,0.516379395012166
12.51666,1081,0.519999980926514,0.516379395012166
12.52659,1082,0.519999980926514,0.516379395012166
12.53517,1083,0.519999980926514,0.516379395012166
12.54359,1084,0.519999980926514,0.516379395012166
12.55365,1085,0.519999980926514,0.516379395012166
12.56289,1086,0.519999980926514,0.516379395012166
12.57156,1087,0.519999980926514,0.515773315910039
12.58194,1088,0.519999980926514,0.516379395012166
12.59144,1089,0.519999980926514,0.516379395012166
12.60076,1090,0.519999980926514,0.515773315910039
12.60949,1091,0.519999980926514,0.515773315910039
12.6197,1092,0.519999980926514,0.516379395012166
12.62831,1093,0.519999980926514,0.516379395012166
12.6385,1094,0.519999980926514,0.515773315910039
12.64799,1095,0.519999980926514,0.515773315910039
12.65866,1096,0.519999980926514,0.515773315910039
12.66727,1097,0.519999980926514,0.516379395012166
12.67741,1098,0.519999980926514,0.515773315910039
12.68646,1099,0.519999980926514,0.515773315910039
12.69512,1100,0.519999980926514,0.515773315910039
12.70411,1101,0.519999980926514,0.515167236807912
12.71335,1102,0.519999980926514,0.515167236807912
12.72362,1103,0.519999980926514,0.515167236807912
12.73372,1104,0.519999980926514,0.515773315910039
12.74273,1105,0.519999980926514,0.515167236807912
12.75348,1106,0.519999980926514,0.515167236807912
12.76362,1107,0.519999980926514,0.515167236807912
12.77217,1108,0.519999980926514,0.515167236807912
12.78223,1109,0.519999980926514,0.515167236807912
12.79235,1110,0.519999980926514,0.515167236807912
12.80139,1111,0.519999980926514,0.515167236807912
12.81034,1112,0.519999980926514,0.515167236807912
12.81888,1113,0.519999980926514,0.515167236807912
12.82736,1114,0.519999980926514,0.515167236807912
12.83753,1115,0.519999980926514,0.515167236807912
12.84688,1116,0.519999980926514,0.514561157705785
12.85737,1117,0.519999980926514,0.514561157705785
12.86632,1118,0.519999980926514,0.514561157705785
12.87771,1119,0.519999980926514,0.514561157705785
12.88607,1120,0.519999980926514,0.515167236807912
12.89454,1121,0.519999980926514,0.514561157705785
12.90393,1122,0.519999980926514,0.514561157705785
12.91471,1123,0.519999980926514,0.514561157705785
12.92462,1124,0.519999980926514,0.514561157705785
12.93521,1125,0.519999980926514,0.514561157705785
12.94515,1126,0.519999980926514,0.514561157705785
12.95384,1127,0.519999980926514,0.514561157705785
12.96358,1128,0.519999980926514,0.514561157705785
12.97366,1129,0.519999980926514,0.514561157705785
12.98225,1130,0.519999980926514,0.513955078603658
12.99169,1131,0.519999980926514,0.513955078603658
13.0004,1132,0.519999980926514,0.513955078603658
13.01054,1133,0.519999980926514,0.513955078603658
13.01987,1134,0.519999980926514,0.513955078603658
13.03029,1135,0.519999980926514,0.513955078603658
13.04017,1136,0.519999980926514,0.513955078603658
13.0492,1137,0.519999980926514,0.513955078603658
13.05912,1138,0.519999980926514,0.513955078603658
13.06802,1139,0.519999980926514,0.513955078603658
13.07675,1140,0.519999980926514,0.513955078603658
13.08623,1141,0.519999980926514,0.513955078603658
13.09573,1142,0.519999980926514,0.513955078603658
13.10408,1143,0.519999980926514,0.513955078603658
13.11395,1144,0.519999980926514,0.513955078603658
13.12415,1145,0.519999980926514,0.513955078603658
13.13385,1146,0.519999980926514,0.513348999501531
13.14246,1147,0.519999980926514,0.513955078603658
13.15176,1148,0.519999980926514,0.513955078603658
13.16197,1149,0.519999980926514,0.513348999501531
13.17076,1150,0.519999980926514,0.513348999501531
13.18075,1151,0.519999980926514,0.513348999501531
13.1894,1152,0.519999980926514,0.513348999501531
13.19936,1153,0.519999980926514,0.513348999501531
13.20863,1154,0.519999980926514,0.513348999501531
13.21729,1155,0.519999980926514,0.513348999501531
13.22727,1156,0.519999980926514,0.513348999501531
13.23777,1157,0.519999980926514,0.513348999501531
13.247,1158,0.519999980926514,0.513348999501531
13.25618,1159,0.519999980926514,0.513348999501531
13.26527,1160,0.519999980926514,0.513348999501531
13.2756,1161,0.519999980926514,0.512742920399404
13.28574,1162,0.519999980926514,0.513348999501531
13.29413,1163,0.519999980926514,0.512742920399404
13.30292,1164,0.519999980926514,0.512742920399404
13.31162,1165,0.519999980926514,0.512742920399404
13.32178,1166,0.519999980926514,0.512742920399404
13.33016,1167,0.519999980926514,0.512742920399404
13.34263,1168,0.519999980926514,0.512742920399404
13.3524,1169,0.519999980926514,0.512742920399404
13.36161,1170,0.519999980926514,0.512742920399404
13.37106,1171,0.519999980926514,0.512742920399404
13.37954,1172,0.519999980926514,0.512742920399404
13.38952,1173,0.519999980926514,0.512742920399404
13.39786,1174,0.519999980926514,0.512742920399404
13.40804,1175,0.519999980926514,0.512742920399404
13.41658,1176,0.519999980926514,0.513348999501531
13.42562,1177,0.519999980926514,0.513955078603658
13.43583,1178,0.519999980926514,0.515167236807912
13.44462,1179,0.519999980926514,0.515773315910039
13.45628,1180,0.519999980926514,0.516379395012166
