Time [s] , Frame nr,Sent pressure 0,Received pressure 0
1.718568,0,0.519999980926514,0.505469971173881
1.721713,1,0.519999980926514,0.505469971173881
2.160349,2,0.519999980926514,0.505469971173881
2.179258,3,0.519999980926514,0.505469971173881
2.189287,4,0.519999980926514,0.505469971173881
2.199315,5,0.519999980926514,0.509712524888769
2.209703,6,0.519999980926514,0.510924683093023
2.219601,7,0.519999980926514,0.512742920399404
2.229501,8,0.519999980926514,0.512742920399404
2.238295,9,0.519999980926514,0.512742920399404
2.248824,10,0.519999980926514,0.512742920399404
2.259094,11,0.519999980926514,0.512742920399404
2.268403,12,0.519999980926514,0.512742920399404
2.27756,13,0.519999980926514,0.516379395012166
2.288129,14,0.519999980926514,0.516985474114293
2.296554,15,0.519999980926514,0.516985474114293
2.306105,16,0.519999980926514,0.51759155321642
2.314764,17,0.519999980926514,0.518197632318547
2.323726,18,0.519999980926514,0.518803711420674
2.332166,19,0.519999980926514,0.518803711420674
2.341545,20,0.519999980926514,0.518803711420674
2.350421,21,0.519999980926514,0.518803711420674
2.360004,22,0.519999980926514,0.518803711420674
2.368727,23,0.519999980926514,0.518803711420674
2.378034,24,0.519999980926514,0.518803711420674
2.3899,25,0.519999980926514,0.518803711420674
2.398096,26,0.519999980926514,0.518803711420674
2.408133,27,0.519999980926514,0.518803711420674
2.418081,28,0.519999980926514,0.518803711420674
2.429012,29,0.519999980926514,0.518803711420674
2.437609,30,0.519999980926514,0.518803711420674
2.446165,31,0.519999980926514,0.518803711420674
2.455929,32,0.519999980926514,0.518803711420674
2.465094,33,0.519999980926514,0.518803711420674
2.475177,34,0.519999980926514,0.518803711420674
2.485152,35,0.519999980926514,0.518803711420674
2.493934,36,0.519999980926514,0.519409790522801
2.502295,37,0.519999980926514,0.518803711420674
2.51259,38,0.519999980926514,0.518803711420674
2.521854,39,0.519999980926514,0.518803711420674
2.530132,40,0.519999980926514,0.518803711420674
2.540438,41,0.519999980926514,0.518803711420674
2.550528,42,0.519999980926514,0.518803711420674
2.559826,43,0.519999980926514,0.518803711420674
2.569655,44,0.519999980926514,0.518803711420674
2.578987,45,0.519999980926514,0.518803711420674
2.587861,46,0.519999980926514,0.518803711420674
2.601486,47,0.519999980926514,0.518803711420674
2.610191,48,0.519999980926514,0.518197632318547
2.618862,49,0.519999980926514,0.518197632318547
2.628766,50,0.519999980926514,0.518803711420674
2.638659,51,0.519999980926514,0.518803711420674
2.647285,52,0.519999980926514,0.518803711420674
2.656466,53,0.519999980926514,0.518803711420674
2.666599,54,0.519999980926514,0.518197632318547
2.676885,55,0.519999980926514,0.518803711420674
2.68751,56,0.519999980926514,0.518803711420674
2.697431,57,0.519999980926514,0.518197632318547
2.707123,58,0.519999980926514,0.518197632318547
2.715946,59,0.519999980926514,0.518197632318547
2.725914,60,0.519999980926514,0.518803711420674
2.734749,61,0.519999980926514,0.518197632318547
2.743516,62,0.519999980926514,0.518197632318547
2.753204,63,0.519999980926514,0.518197632318547
2.763591,64,0.519999980926514,0.518197632318547
2.773183,65,0.519999980926514,0.518197632318547
2.782417,66,0.519999980926514,0.518197632318547
2.791087,67,0.519999980926514,0.518197632318547
2.801183,68,0.519999980926514,0.518197632318547
2.810188,69,0.519999980926514,0.518197632318547
2.818746,70,0.519999980926514,0.518197632318547
2.82736,71,0.519999980926514,0.518803711420674
2.835886,72,0.519999980926514,0.518197632318547
2.846121,73,0.519999980926514,0.518197632318547
2.855431,74,0.519999980926514,0.518197632318547
2.864997,75,0.519999980926514,0.518197632318547
2.875113,76,0.519999980926514,0.518197632318547
2.885187,77,0.519999980926514,0.518197632318547
2.894166,78,0.519999980926514,0.518197632318547
2.902961,79,0.519999980926514,0.518197632318547
2.91307,80,0.519999980926514,0.518197632318547
2.92267,81,0.519999980926514,0.518197632318547
2.932829,82,0.519999980926514,0.518197632318547
2.942939,83,0.519999980926514,0.518197632318547
2.953051,84,0.519999980926514,0.518197632318547
2.963718,85,0.519999980926514,0.518197632318547
2.973162,86,0.519999980926514,0.518197632318547
2.982049,87,0.519999980926514,0.518197632318547
2.990566,88,0.519999980926514,0.518197632318547
2.999219,89,0.519999980926514,0.518197632318547
3.009293,90,0.519999980926514,0.518197632318547
3.020232,91,0.519999980926514,0.518197632318547
3.029532,92,0.519999980926514,0.518197632318547
3.038305,93,0.519999980926514,0.518197632318547
3.046657,94,0.519999980926514,0.518197632318547
3.056948,95,0.519999980926514,0.518197632318547
3.065834,96,0.519999980926514,0.518197632318547
3.076212,97,0.519999980926514,0.518197632318547
3.085302,98,0.519999980926514,0.518197632318547
3.095316,99,0.519999980926514,0.518197632318547
3.105642,100,0.519999980926514,0.518197632318547
3.115658,101,0.519999980926514,0.518197632318547
3.125672,102,0.519999980926514,0.518197632318547
3.136072,103,0.519999980926514,0.518197632318547
3.146168,104,0.519999980926514,0.518197632318547
3.154609,105,0.519999980926514,0.518197632318547
3.164936,106,0.519999980926514,0.518197632318547
3.174983,107,0.519999980926514,0.518197632318547
3.185447,108,0.519999980926514,0.518197632318547
3.193972,109,0.519999980926514,0.51759155321642
3.204371,110,0.519999980926514,0.518197632318547
3.214643,111,0.519999980926514,0.51759155321642
3.22517,112,0.519999980926514,0.51759155321642
3.234094,113,0.519999980926514,0.518197632318547
3.24275,114,0.519999980926514,0.518197632318547
3.253983,115,0.519999980926514,0.518197632318547
3.263621,116,0.519999980926514,0.518197632318547
3.272254,117,0.519999980926514,0.518197632318547
3.281055,118,0.519999980926514,0.518197632318547
3.291086,119,0.519999980926514,0.518197632318547
3.301454,120,0.519999980926514,0.51759155321642
3.311705,121,0.519999980926514,0.51759155321642
3.320139,122,0.519999980926514,0.51759155321642
3.330296,123,0.519999980926514,0.51759155321642
3.34042,124,0.519999980926514,0.518197632318547
3.35069,125,0.519999980926514,0.518197632318547
3.359416,126,0.519999980926514,0.518197632318547
3.368804,127,0.519999980926514,0.518197632318547
3.378761,128,0.519999980926514,0.518197632318547
3.38712,129,0.519999980926514,0.51759155321642
3.395714,130,0.519999980926514,0.518197632318547
3.405929,131,0.519999980926514,0.51759155321642
3.414706,132,0.519999980926514,0.51759155321642
3.423317,133,0.519999980926514,0.518197632318547
3.433419,134,0.519999980926514,0.518197632318547
3.443805,135,0.519999980926514,0.518197632318547
3.453911,136,0.519999980926514,0.518197632318547
3.46424,137,0.519999980926514,0.518197632318547
3.473971,138,0.519999980926514,0.51759155321642
3.482356,139,0.519999980926514,0.51759155321642
3.491149,140,0.519999980926514,0.518197632318547
3.500451,141,0.519999980926514,0.518197632318547
3.51055,142,0.519999980926514,0.518197632318547
3.519963,143,0.519999980926514,0.51759155321642
3.529829,144,0.519999980926514,0.518197632318547
3.53925,145,0.519999980926514,0.518197632318547
3.547767,146,0.519999980926514,0.51759155321642
3.55648,147,0.519999980926514,0.518197632318547
3.566589,148,0.519999980926514,0.51759155321642
3.575422,149,0.519999980926514,0.518197632318547
3.584812,150,0.519999980926514,0.51759155321642
3.594504,151,0.519999980926514,0.51759155321642
3.603927,152,0.519999980926514,0.518197632318547
3.614294,153,0.519999980926514,0.51759155321642
3.624349,154,0.519999980926514,0.518197632318547
3.634542,155,0.519999980926514,0.518197632318547
3.646166,156,0.519999980926514,0.518197632318547
3.655835,157,0.519999980926514,0.51759155321642
3.665181,158,0.519999980926514,0.518197632318547
3.673709,159,0.519999980926514,0.51759155321642
3.682101,160,0.519999980926514,0.51759155321642
3.691447,161,0.519999980926514,0.518197632318547
3.701298,162,0.519999980926514,0.518197632318547
3.710556,163,0.519999980926514,0.51759155321642
3.720163,164,0.519999980926514,0.518197632318547
3.730417,165,0.519999980926514,0.51759155321642
3.739583,166,0.519999980926514,0.518197632318547
3.747927,167,0.519999980926514,0.518197632318547
3.758671,168,0.519999980926514,0.518197632318547
3.767255,169,0.519999980926514,0.518197632318547
3.77571,170,0.519999980926514,0.518197632318547
3.785834,171,0.519999980926514,0.518197632318547
3.795136,172,0.519999980926514,0.518197632318547
3.804525,173,0.519999980926514,0.518197632318547
3.814213,174,0.519999980926514,0.51759155321642
3.824214,175,0.519999980926514,0.518197632318547
3.832763,176,0.519999980926514,0.518197632318547
3.842791,177,0.519999980926514,0.51759155321642
3.851353,178,0.519999980926514,0.518197632318547
3.861473,179,0.519999980926514,0.518197632318547
3.871785,180,0.519999980926514,0.518197632318547
3.880445,181,0.519999980926514,0.51759155321642
3.889018,182,0.519999980926514,0.518197632318547
3.897973,183,0.519999980926514,0.51759155321642
3.906346,184,0.519999980926514,0.518197632318547
3.915649,185,0.519999980926514,0.518197632318547
3.925451,186,0.519999980926514,0.518197632318547
3.935225,187,0.519999980926514,0.518197632318547
3.945261,188,0.519999980926514,0.51759155321642
3.955575,189,0.519999980926514,0.51759155321642
3.963913,190,0.519999980926514,0.518197632318547
3.974757,191,0.519999980926514,0.518197632318547
3.983718,192,0.519999980926514,0.51759155321642
3.994581,193,0.519999980926514,0.518197632318547
4.006307,194,0.519999980926514,0.518197632318547
4.015159,195,0.519999980926514,0.518197632318547
4.025429,196,0.519999980926514,0.518197632318547
4.035627,197,0.519999980926514,0.518197632318547
4.044793,198,0.519999980926514,0.51759155321642
4.053305,199,0.519999980926514,0.518197632318547
4.063522,200,0.519999980926514,0.51759155321642
4.073542,201,0.519999980926514,0.518197632318547
4.083003,202,0.519999980926514,0.518197632318547
4.091968,203,0.519999980926514,0.518197632318547
4.101063,204,0.519999980926514,0.518197632318547
4.11004,205,0.519999980926514,0.518197632318547
4.118616,206,0.519999980926514,0.51759155321642
4.128944,207,0.519999980926514,0.518197632318547
4.139196,208,0.519999980926514,0.518197632318547
4.149617,209,0.519999980926514,0.518197632318547
4.15839,210,0.519999980926514,0.518197632318547
4.167958,211,0.519999980926514,0.518197632318547
4.178697,212,0.519999980926514,0.518197632318547
4.18782,213,0.519999980926514,0.518197632318547
4.197173,214,0.519999980926514,0.518197632318547
4.205688,215,0.519999980926514,0.518197632318547
4.215393,216,0.519999980926514,0.518197632318547
4.225455,217,0.519999980926514,0.518197632318547
4.235448,218,0.519999980926514,0.518197632318547
4.245668,219,0.519999980926514,0.518197632318547
4.255069,220,0.519999980926514,0.518197632318547
4.265413,221,0.519999980926514,0.518197632318547
4.275083,222,0.519999980926514,0.51759155321642
4.283446,223,0.519999980926514,0.518197632318547
4.292329,224,0.519999980926514,0.518197632318547
4.302409,225,0.519999980926514,0.518197632318547
4.312647,226,0.519999980926514,0.518197632318547
4.322375,227,0.519999980926514,0.518197632318547
4.331378,228,0.519999980926514,0.518197632318547
4.34005,229,0.519999980926514,0.518197632318547
4.350095,230,0.519999980926514,0.518197632318547
4.361042,231,0.519999980926514,0.518197632318547
4.369579,232,0.519999980926514,0.518197632318547
4.378098,233,0.519999980926514,0.518197632318547
4.387568,234,0.519999980926514,0.518197632318547
4.396019,235,0.519999980926514,0.518197632318547
4.406352,236,0.519999980926514,0.518197632318547
4.416388,237,0.519999980926514,0.518197632318547
4.426357,238,0.519999980926514,0.518197632318547
4.436571,239,0.519999980926514,0.518197632318547
4.445524,240,0.519999980926514,0.518197632318547
4.455709,241,0.519999980926514,0.518197632318547
4.464318,242,0.519999980926514,0.518197632318547
4.474472,243,0.519999980926514,0.518197632318547
4.484474,244,0.519999980926514,0.518197632318547
4.493367,245,0.519999980926514,0.518197632318547
4.502884,246,0.519999980926514,0.518197632318547
4.511395,247,0.519999980926514,0.518197632318547
4.519949,248,0.519999980926514,0.518197632318547
4.529735,249,0.519999980926514,0.518197632318547
4.540862,250,0.519999980926514,0.518197632318547
4.549986,251,0.519999980926514,0.518197632318547
4.558467,252,0.519999980926514,0.51759155321642
4.568552,253,0.519999980926514,0.518197632318547
4.578746,254,0.519999980926514,0.518197632318547
4.589368,255,0.519999980926514,0.51759155321642
4.599062,256,0.519999980926514,0.518197632318547
4.608539,257,0.519999980926514,0.518197632318547
4.617434,258,0.519999980926514,0.518197632318547
4.627555,259,0.519999980926514,0.518197632318547
4.636428,260,0.519999980926514,0.518197632318547
4.645664,261,0.519999980926514,0.518197632318547
4.656692,262,0.519999980926514,0.518197632318547
4.666087,263,0.519999980926514,0.518197632318547
4.676238,264,0.519999980926514,0.518197632318547
4.686788,265,0.519999980926514,0.518197632318547
4.696843,266,0.519999980926514,0.518197632318547
4.71378,267,0.519999980926514,0.518197632318547
4.723737,268,0.519999980926514,0.518197632318547
4.733759,269,0.519999980926514,0.518197632318547
4.743894,270,0.519999980926514,0.518197632318547
4.754045,271,0.519999980926514,0.518197632318547
4.765244,272,0.519999980926514,0.518197632318547
4.774468,273,0.519999980926514,0.518197632318547
4.784649,274,0.519999980926514,0.518197632318547
4.793507,275,0.519999980926514,0.518197632318547
4.803594,276,0.519999980926514,0.518197632318547
4.813753,277,0.519999980926514,0.518197632318547
4.822169,278,0.519999980926514,0.518197632318547
4.831717,279,0.519999980926514,0.51759155321642
4.841115,280,0.519999980926514,0.518197632318547
4.851215,281,0.519999980926514,0.518197632318547
4.861899,282,0.519999980926514,0.518197632318547
4.871147,283,0.519999980926514,0.518197632318547
4.881495,284,0.519999980926514,0.518197632318547
4.891005,285,0.519999980926514,0.518197632318547
4.899992,286,0.519999980926514,0.518197632318547
4.910088,287,0.519999980926514,0.518197632318547
4.920178,288,0.519999980926514,0.518197632318547
4.929738,289,0.519999980926514,0.518197632318547
4.938719,290,0.519999980926514,0.518197632318547
4.948904,291,0.519999980926514,0.518197632318547
4.959245,292,0.519999980926514,0.518197632318547
4.967742,293,0.519999980926514,0.518197632318547
4.977891,294,0.519999980926514,0.518197632318547
4.988771,295,0.519999980926514,0.518197632318547
4.997618,296,0.519999980926514,0.518197632318547
5.006576,297,0.519999980926514,0.518197632318547
5.015588,298,0.519999980926514,0.518197632318547
5.024578,299,0.519999980926514,0.518197632318547
5.034626,300,0.519999980926514,0.518197632318547
5.043097,301,0.519999980926514,0.518197632318547
5.052384,302,0.519999980926514,0.518197632318547
5.061384,303,0.519999980926514,0.518197632318547
5.071568,304,0.519999980926514,0.51759155321642
5.081572,305,0.519999980926514,0.518197632318547
5.090018,306,0.519999980926514,0.51759155321642
5.098347,307,0.519999980926514,0.51759155321642
5.107452,308,0.519999980926514,0.518197632318547
5.117678,309,0.519999980926514,0.518197632318547
5.127781,310,0.519999980926514,0.51759155321642
5.136181,311,0.519999980926514,0.518197632318547
5.144773,312,0.519999980926514,0.51759155321642
5.154502,313,0.519999980926514,0.518197632318547
5.16398,314,0.519999980926514,0.51759155321642
5.174088,315,0.519999980926514,0.51759155321642
5.182892,316,0.519999980926514,0.518197632318547
5.192615,317,0.519999980926514,0.51759155321642
5.201452,318,0.519999980926514,0.518197632318547
5.21244,319,0.519999980926514,0.518197632318547
5.222605,320,0.519999980926514,0.518197632318547
5.231803,321,0.519999980926514,0.51759155321642
5.240569,322,0.519999980926514,0.518197632318547
5.24895,323,0.519999980926514,0.51759155321642
5.25764,324,0.519999980926514,0.51759155321642
5.267458,325,0.519999980926514,0.51759155321642
5.275959,326,0.519999980926514,0.51759155321642
5.284281,327,0.519999980926514,0.51759155321642
5.292809,328,0.519999980926514,0.51759155321642
5.30126,329,0.519999980926514,0.51759155321642
5.310168,330,0.519999980926514,0.51759155321642
5.319842,331,0.519999980926514,0.518197632318547
5.329958,332,0.519999980926514,0.518197632318547
5.339072,333,0.519999980926514,0.518197632318547
5.349181,334,0.519999980926514,0.518197632318547
5.359207,335,0.519999980926514,0.51759155321642
5.369234,336,0.519999980926514,0.51759155321642
5.379786,337,0.519999980926514,0.51759155321642
5.389423,338,0.519999980926514,0.51759155321642
5.39876,339,0.519999980926514,0.51759155321642
5.411774,340,0.519999980926514,0.518197632318547
5.422065,341,0.519999980926514,0.51759155321642
5.431536,342,0.519999980926514,0.51759155321642
5.441679,343,0.519999980926514,0.51759155321642
5.450797,344,0.519999980926514,0.51759155321642
5.45997,345,0.519999980926514,0.518197632318547
5.468356,346,0.519999980926514,0.51759155321642
5.478578,347,0.519999980926514,0.51759155321642
5.489504,348,0.519999980926514,0.51759155321642
5.499226,349,0.519999980926514,0.51759155321642
5.508351,350,0.519999980926514,0.51759155321642
5.518003,351,0.519999980926514,0.51759155321642
5.526887,352,0.519999980926514,0.51759155321642
5.535714,353,0.519999980926514,0.51759155321642
5.545613,354,0.519999980926514,0.51759155321642
5.55559,355,0.519999980926514,0.51759155321642
5.564793,356,0.519999980926514,0.51759155321642
5.573956,357,0.519999980926514,0.51759155321642
5.582986,358,0.519999980926514,0.51759155321642
5.591927,359,0.519999980926514,0.51759155321642
5.600485,360,0.519999980926514,0.51759155321642
5.610795,361,0.519999980926514,0.51759155321642
5.620711,362,0.519999980926514,0.51759155321642
5.630859,363,0.519999980926514,0.51759155321642
5.640997,364,0.519999980926514,0.51759155321642
5.649515,365,0.519999980926514,0.51759155321642
5.660265,366,0.519999980926514,0.51759155321642
5.669665,367,0.519999980926514,0.51759155321642
5.678594,368,0.519999980926514,0.51759155321642
5.688703,369,0.519999980926514,0.51759155321642
5.697674,370,0.519999980926514,0.51759155321642
5.707829,371,0.519999980926514,0.51759155321642
5.716315,372,0.519999980926514,0.51759155321642
5.727021,373,0.519999980926514,0.51759155321642
5.735848,374,0.519999980926514,0.51759155321642
5.744701,375,0.519999980926514,0.51759155321642
5.754857,376,0.519999980926514,0.51759155321642
5.764446,377,0.519999980926514,0.51759155321642
5.773604,378,0.519999980926514,0.51759155321642
5.783758,379,0.519999980926514,0.51759155321642
5.793064,380,0.519999980926514,0.51759155321642
5.801746,381,0.519999980926514,0.51759155321642
5.811935,382,0.519999980926514,0.51759155321642
5.821987,383,0.519999980926514,0.51759155321642
5.831013,384,0.519999980926514,0.51759155321642
5.840425,385,0.519999980926514,0.51759155321642
5.848782,386,0.519999980926514,0.51759155321642
5.858802,387,0.519999980926514,0.51759155321642
5.868909,388,0.519999980926514,0.51759155321642
5.877346,389,0.519999980926514,0.51759155321642
5.886078,390,0.519999980926514,0.51759155321642
5.895593,391,0.519999980926514,0.51759155321642
5.904806,392,0.519999980926514,0.518197632318547
5.913264,393,0.519999980926514,0.51759155321642
5.923713,394,0.519999980926514,0.51759155321642
5.933724,395,0.519999980926514,0.51759155321642
5.94291,396,0.519999980926514,0.51759155321642
5.952558,397,0.519999980926514,0.51759155321642
5.962145,398,0.519999980926514,0.51759155321642
5.972765,399,0.519999980926514,0.51759155321642
5.982491,400,0.519999980926514,0.51759155321642
5.991172,401,0.519999980926514,0.51759155321642
6.001259,402,0.519999980926514,0.51759155321642
6.010516,403,0.519999980926514,0.518197632318547
6.021734,404,0.519999980926514,0.518197632318547
6.030946,405,0.519999980926514,0.51759155321642
6.039271,406,0.519999980926514,0.51759155321642
6.048618,407,0.519999980926514,0.518197632318547
6.057822,408,0.519999980926514,0.518197632318547
6.066619,409,0.519999980926514,0.518197632318547
6.0775,410,0.519999980926514,0.518197632318547
6.08578,411,0.519999980926514,0.518197632318547
6.094444,412,0.519999980926514,0.518197632318547
6.10313,413,0.519999980926514,0.518197632318547
6.111545,414,0.519999980926514,0.518197632318547
6.121912,415,0.519999980926514,0.518197632318547
6.131686,416,0.519999980926514,0.51759155321642
6.142028,417,0.519999980926514,0.51759155321642
6.152133,418,0.519999980926514,0.518197632318547
6.161081,419,0.519999980926514,0.518197632318547
6.169826,420,0.519999980926514,0.518197632318547
6.180244,421,0.519999980926514,0.51759155321642
6.190453,422,0.519999980926514,0.51759155321642
6.199016,423,0.519999980926514,0.51759155321642
6.210031,424,0.519999980926514,0.51759155321642
6.21863,425,0.519999980926514,0.51759155321642
6.229008,426,0.519999980926514,0.518197632318547
6.237726,427,0.519999980926514,0.518197632318547
6.247877,428,0.519999980926514,0.518197632318547
6.257942,429,0.519999980926514,0.518197632318547
6.266605,430,0.519999980926514,0.518197632318547
6.275593,431,0.519999980926514,0.518197632318547
6.284004,432,0.519999980926514,0.518197632318547
6.294096,433,0.519999980926514,0.518197632318547
6.302803,434,0.519999980926514,0.518197632318547
6.311983,435,0.519999980926514,0.518197632318547
6.321199,436,0.519999980926514,0.518197632318547
6.329634,437,0.519999980926514,0.518197632318547
6.339806,438,0.519999980926514,0.518197632318547
6.348781,439,0.519999980926514,0.51759155321642
6.357499,440,0.519999980926514,0.518197632318547
6.366588,441,0.519999980926514,0.518197632318547
6.376984,442,0.519999980926514,0.518197632318547
6.38746,443,0.519999980926514,0.518197632318547
6.397284,444,0.519999980926514,0.518197632318547
6.407464,445,0.519999980926514,0.518197632318547
6.418068,446,0.519999980926514,0.518197632318547
6.42665,447,0.519999980926514,0.518197632318547
6.436827,448,0.519999980926514,0.518197632318547
6.445729,449,0.519999980926514,0.518197632318547
6.455675,450,0.519999980926514,0.518197632318547
6.465473,451,0.519999980926514,0.518197632318547
6.474313,452,0.519999980926514,0.518197632318547
6.484566,453,0.519999980926514,0.518197632318547
6.493041,454,0.519999980926514,0.518197632318547
6.501876,455,0.519999980926514,0.518197632318547
6.511875,456,0.519999980926514,0.518197632318547
6.522093,457,0.519999980926514,0.518197632318547
6.531215,458,0.519999980926514,0.518197632318547
6.54167,459,0.519999980926514,0.518197632318547
6.551883,460,0.519999980926514,0.518197632318547
6.562815,461,0.519999980926514,0.518197632318547
6.572685,462,0.519999980926514,0.518197632318547
6.582534,463,0.519999980926514,0.518197632318547
6.59275,464,0.519999980926514,0.51759155321642
6.602852,465,0.519999980926514,0.518197632318547
6.613137,466,0.519999980926514,0.518197632318547
6.622591,467,0.519999980926514,0.518197632318547
6.630997,468,0.519999980926514,0.518197632318547
6.63993,469,0.519999980926514,0.518197632318547
6.648349,470,0.519999980926514,0.518197632318547
6.658453,471,0.519999980926514,0.518197632318547
6.667146,472,0.519999980926514,0.518197632318547
6.676433,473,0.519999980926514,0.518197632318547
6.686455,474,0.519999980926514,0.518197632318547
6.695648,475,0.625,0.518197632318547
6.705565,476,0.625,0.518197632318547
6.715713,477,0.625,0.518197632318547
6.724411,478,0.625,0.521228027829181
6.734484,479,0.625,0.543652954607879
6.743441,480,0.625,0.593351440982289
6.753518,481,0.625,0.60910949763759
6.761955,482,0.625,0.615776367760986
6.770983,483,0.625,0.619412842373748
6.782291,484,0.625,0.624867554292891
6.791503,485,0.625,0.624867554292891
6.800613,486,0.625,0.627897949803526
6.811005,487,0.625,0.627897949803526
6.820822,488,0.625,0.627291870701399
6.829975,489,0.625,0.626685791599272
6.838711,490,0.625,0.626079712497145
6.848248,491,0.625,0.626079712497145
6.85836,492,0.625,0.625473633395018
6.868336,493,0.625,0.624867554292891
6.877354,494,0.625,0.624261475190764
6.887565,495,0.625,0.624261475190764
6.89635,496,0.625,0.624261475190764
6.906375,497,0.625,0.624261475190764
6.91555,498,0.625,0.623655396088637
6.923964,499,0.625,0.623655396088637
6.933964,500,0.625,0.62304931698651
6.9431,501,0.625,0.62304931698651
6.951978,502,0.625,0.62304931698651
6.960815,503,0.625,0.622443237884383
6.970724,504,0.625,0.622443237884383
6.980702,505,0.625,0.62304931698651
6.991192,506,0.625,0.62304931698651
6.999482,507,0.625,0.62304931698651
7.009537,508,0.625,0.62304931698651
7.019835,509,0.625,0.62304931698651
7.028314,510,0.625,0.62304931698651
7.037992,511,0.625,0.623655396088637
7.048247,512,0.625,0.623655396088637
7.058463,513,0.625,0.623655396088637
7.068067,514,0.625,0.623655396088637
7.07664,515,0.625,0.623655396088637
7.085542,516,0.625,0.623655396088637
7.096163,517,0.625,0.623655396088637
7.105292,518,0.625,0.623655396088637
7.115569,519,0.625,0.623655396088637
7.126645,520,0.625,0.623655396088637
7.135411,521,0.625,0.623655396088637
7.143721,522,0.625,0.624261475190764
7.152652,523,0.625,0.623655396088637
7.163577,524,0.625,0.624261475190764
7.173615,525,0.625,0.624261475190764
7.183282,526,0.625,0.623655396088637
7.192702,527,0.625,0.624261475190764
7.201627,528,0.625,0.624261475190764
7.210204,529,0.625,0.624261475190764
7.219265,530,0.625,0.624261475190764
7.228911,531,0.625,0.624261475190764
7.23897,532,0.625,0.624261475190764
7.249348,533,0.625,0.624261475190764
7.258157,534,0.625,0.623655396088637
7.26827,535,0.625,0.624261475190764
7.278343,536,0.625,0.624261475190764
7.287863,537,0.625,0.624261475190764
7.297239,538,0.625,0.624261475190764
7.306938,539,0.625,0.624261475190764
7.316055,540,0.625,0.624261475190764
7.324712,541,0.625,0.624261475190764
7.334831,542,0.625,0.624261475190764
7.34364,543,0.625,0.624261475190764
7.352198,544,0.625,0.623655396088637
7.360907,545,0.625,0.624261475190764
7.371133,546,0.625,0.624261475190764
7.381212,547,0.625,0.624261475190764
7.389631,548,0.625,0.623655396088637
7.399015,549,0.625,0.623655396088637
7.407433,550,0.625,0.624261475190764
7.41623,551,0.625,0.624261475190764
7.425027,552,0.625,0.624261475190764
7.435325,553,0.625,0.624261475190764
7.445695,554,0.625,0.623655396088637
7.455833,555,0.625,0.624261475190764
7.46429,556,0.625,0.624261475190764
7.473027,557,0.625,0.623655396088637
7.48223,558,0.625,0.624261475190764
7.492247,559,0.625,0.624261475190764
7.502362,560,0.625,0.624261475190764
7.512902,561,0.625,0.623655396088637
7.52514,562,0.625,0.624261475190764
7.534994,563,0.625,0.623655396088637
7.544057,564,0.625,0.624261475190764
7.552356,565,0.625,0.623655396088637
7.56255,566,0.625,0.624261475190764
7.571136,567,0.625,0.624261475190764
7.580996,568,0.625,0.623655396088637
7.591428,569,0.625,0.624261475190764
7.600619,570,0.625,0.624261475190764
7.610701,571,0.625,0.624261475190764
7.619561,572,0.625,0.624261475190764
7.628879,573,0.625,0.624261475190764
7.638741,574,0.625,0.624261475190764
7.648052,575,0.625,0.624261475190764
7.657703,576,0.625,0.623655396088637
7.667306,577,0.625,0.624261475190764
7.677465,578,0.625,0.624261475190764
7.686382,579,0.625,0.623655396088637
7.694861,580,0.625,0.623655396088637
7.704448,581,0.625,0.624261475190764
7.714799,582,0.625,0.623655396088637
7.723313,583,0.625,0.624261475190764
7.732516,584,0.625,0.624261475190764
7.74181,585,0.625,0.624261475190764
7.750124,586,0.625,0.624261475190764
7.761027,587,0.625,0.623655396088637
7.769964,588,0.625,0.624261475190764
7.778368,589,0.625,0.623655396088637
7.788397,590,0.625,0.624261475190764
7.798395,591,0.625,0.624261475190764
7.809654,592,0.625,0.624261475190764
7.818933,593,0.625,0.624261475190764
7.828566,594,0.625,0.624261475190764
7.83856,595,0.625,0.624261475190764
7.848719,596,0.625,0.623655396088637
7.858796,597,0.625,0.623655396088637
7.869056,598,0.625,0.624261475190764
7.878446,599,0.625,0.623655396088637
7.887257,600,0.625,0.624261475190764
7.897283,601,0.625,0.624261475190764
7.907315,602,0.625,0.624261475190764
7.918387,603,0.625,0.624261475190764
7.928246,604,0.625,0.624261475190764
7.937825,605,0.625,0.624261475190764
7.946989,606,0.625,0.624261475190764
7.955405,607,0.625,0.624261475190764
7.965072,608,0.625,0.624261475190764
7.976048,609,0.625,0.624261475190764
7.985774,610,0.625,0.624261475190764
7.99544,611,0.625,0.624261475190764
8.005515,612,0.625,0.624261475190764
8.014946,613,0.625,0.624261475190764
8.025585,614,0.625,0.624261475190764
8.035777,615,0.625,0.624261475190764
8.046063,616,0.625,0.624261475190764
8.055111,617,0.625,0.624261475190764
8.063823,618,0.625,0.624261475190764
8.072176,619,0.625,0.624261475190764
8.081452,620,0.625,0.624261475190764
8.092292,621,0.625,0.624261475190764
8.100965,622,0.625,0.624261475190764
8.110368,623,0.625,0.624261475190764
8.120485,624,0.625,0.624261475190764
8.129526,625,0.625,0.624261475190764
8.137916,626,0.625,0.624261475190764
8.149116,627,0.625,0.624261475190764
8.158012,628,0.625,0.624261475190764
8.166584,629,0.625,0.624261475190764
8.175582,630,0.625,0.624261475190764
8.185219,631,0.625,0.624261475190764
8.193736,632,0.625,0.624261475190764
8.203241,633,0.625,0.624261475190764
8.213206,634,0.625,0.624261475190764
8.222341,635,0.625,0.624261475190764
8.232485,636,0.625,0.624261475190764
8.243169,637,0.625,0.624261475190764
8.253617,638,0.625,0.624261475190764
8.26385,639,0.625,0.624261475190764
8.273429,640,0.625,0.624261475190764
8.282892,641,0.625,0.624261475190764
8.291409,642,0.625,0.624261475190764
8.302189,643,0.625,0.624261475190764
8.310651,644,0.625,0.624261475190764
8.320505,645,0.625,0.624261475190764
8.330789,646,0.625,0.624261475190764
8.339744,647,0.625,0.624261475190764
8.349895,648,0.625,0.624261475190764
8.359956,649,0.625,0.624261475190764
8.368788,650,0.625,0.624261475190764
8.37844,651,0.625,0.624261475190764
8.387997,652,0.625,0.624261475190764
8.398173,653,0.625,0.624261475190764
8.408245,654,0.625,0.623655396088637
8.416703,655,0.625,0.624261475190764
8.426351,656,0.625,0.624261475190764
8.436817,657,0.625,0.624261475190764
8.445712,658,0.625,0.624261475190764
8.454328,659,0.625,0.624261475190764
8.464398,660,0.625,0.624261475190764
8.474368,661,0.625,0.624261475190764
8.48451,662,0.625,0.624261475190764
8.494238,663,0.625,0.624261475190764
8.504656,664,0.625,0.624261475190764
8.514748,665,0.625,0.624261475190764
8.525182,666,0.625,0.624261475190764
8.533469,667,0.625,0.624261475190764
8.542918,668,0.625,0.624261475190764
8.551383,669,0.625,0.624261475190764
8.561803,670,0.625,0.624261475190764
8.571968,671,0.625,0.624261475190764
8.581322,672,0.625,0.624261475190764
8.590958,673,0.625,0.624261475190764
8.599854,674,0.625,0.624261475190764
8.608764,675,0.625,0.624261475190764
8.617746,676,0.625,0.623655396088637
8.628139,677,0.625,0.624261475190764
8.63852,678,0.625,0.624261475190764
8.649035,679,0.625,0.624261475190764
8.659652,680,0.625,0.624261475190764
8.668704,681,0.625,0.624261475190764
8.677412,682,0.625,0.624261475190764
8.686121,683,0.625,0.624261475190764
8.695367,684,0.625,0.624261475190764
8.704537,685,0.625,0.624261475190764
8.713593,686,0.625,0.624261475190764
8.72333,687,0.625,0.624261475190764
8.733376,688,0.625,0.624261475190764
8.743589,689,0.625,0.624261475190764
8.753696,690,0.625,0.623655396088637
8.763434,691,0.625,0.623655396088637
8.771746,692,0.625,0.623655396088637
8.780404,693,0.625,0.624261475190764
8.791202,694,0.625,0.624261475190764
8.800035,695,0.625,0.624261475190764
8.810479,696,0.625,0.624261475190764
8.820546,697,0.625,0.624261475190764
8.830591,698,0.625,0.624261475190764
8.83894,699,0.625,0.624261475190764
8.849078,700,0.625,0.624261475190764
8.858191,701,0.625,0.624261475190764
8.86652,702,0.625,0.624261475190764
8.875074,703,0.625,0.624261475190764
8.884608,704,0.625,0.624261475190764
8.893672,705,0.625,0.623655396088637
8.903825,706,0.625,0.624261475190764
8.912176,707,0.625,0.624261475190764
8.921243,708,0.625,0.624261475190764
8.931593,709,0.625,0.624261475190764
8.940952,710,0.625,0.624261475190764
8.954421,711,0.625,0.624261475190764
8.962823,712,0.625,0.624261475190764
8.972938,713,0.625,0.624261475190764
8.981331,714,0.625,0.624261475190764
8.990842,715,0.625,0.624261475190764
9.000093,716,0.625,0.623655396088637
9.010444,717,0.625,0.624261475190764
9.020556,718,0.625,0.624261475190764
9.031668,719,0.625,0.624261475190764
9.040281,720,0.625,0.623655396088637
9.050809,721,0.625,0.623655396088637
9.059468,722,0.625,0.624261475190764
9.069694,723,0.625,0.623655396088637
9.078138,724,0.625,0.623655396088637
9.087102,725,0.625,0.623655396088637
9.096702,726,0.625,0.623655396088637
9.106225,727,0.625,0.623655396088637
9.114727,728,0.625,0.623655396088637
9.124846,729,0.625,0.623655396088637
9.133357,730,0.625,0.623655396088637
9.14171,731,0.625,0.623655396088637
9.150878,732,0.625,0.623655396088637
9.160057,733,0.625,0.623655396088637
9.169497,734,0.625,0.623655396088637
9.179046,735,0.625,0.623655396088637
9.189272,736,0.625,0.623655396088637
9.1994,737,0.625,0.623655396088637
9.209796,738,0.625,0.623655396088637
9.220442,739,0.625,0.623655396088637
9.228852,740,0.625,0.623655396088637
9.237626,741,0.625,0.623655396088637
9.246271,742,0.625,0.623655396088637
9.254704,743,0.625,0.623655396088637
9.264883,744,0.625,0.62304931698651
9.275114,745,0.625,0.623655396088637
9.28412,746,0.625,0.62304931698651
9.294262,747,0.625,0.62304931698651
9.30337,748,0.625,0.623655396088637
9.311896,749,0.625,0.62304931698651
9.323065,750,0.625,0.62304931698651
9.331742,751,0.625,0.62304931698651
9.340496,752,0.625,0.62304931698651
9.350348,753,0.625,0.62304931698651
9.358764,754,0.625,0.623655396088637
9.369615,755,0.625,0.62304931698651
9.379036,756,0.625,0.62304931698651
9.389534,757,0.625,0.62304931698651
9.399565,758,0.625,0.62304931698651
9.409462,759,0.625,0.62304931698651
9.419769,760,0.625,0.62304931698651
9.430107,761,0.625,0.62304931698651
9.440306,762,0.625,0.62304931698651
9.449778,763,0.625,0.62304931698651
9.460139,764,0.625,0.62304931698651
9.47024,765,0.625,0.62304931698651
9.480141,766,0.625,0.62304931698651
9.490775,767,0.625,0.62304931698651
9.500264,768,0.625,0.62304931698651
9.510295,769,0.625,0.62304931698651
9.518608,770,0.625,0.62304931698651
9.526949,771,0.625,0.62304931698651
9.535332,772,0.625,0.62304931698651
9.544463,773,0.625,0.623655396088637
9.553755,774,0.625,0.623655396088637
9.563176,775,0.625,0.62304931698651
9.573237,776,0.625,0.62304931698651
9.581855,777,0.625,0.62304931698651
9.592288,778,0.625,0.62304931698651
9.60212,779,0.625,0.62304931698651
9.612054,780,0.625,0.62304931698651
9.622108,781,0.625,0.62304931698651
9.632177,782,0.625,0.62304931698651
9.64115,783,0.625,0.62304931698651
9.650144,784,0.625,0.62304931698651
9.661379,785,0.625,0.623655396088637
9.671041,786,0.625,0.62304931698651
9.679646,787,0.625,0.623655396088637
9.688146,788,0.625,0.623655396088637
9.69669,789,0.625,0.623655396088637
9.705254,790,0.625,0.62304931698651
9.715652,791,0.625,0.623655396088637
9.725718,792,0.625,0.62304931698651
9.736089,793,0.625,0.62304931698651
9.7452,794,0.625,0.62304931698651
9.754127,795,0.625,0.623655396088637
9.763944,796,0.625,0.623655396088637
9.772371,797,0.625,0.623655396088637
9.780704,798,0.625,0.623655396088637
9.78968,799,0.625,0.623655396088637
9.799815,800,0.625,0.623655396088637
9.810329,801,0.625,0.623655396088637
9.81873,802,0.625,0.623655396088637
9.828018,803,0.625,0.62304931698651
9.83787,804,0.625,0.623655396088637
9.847243,805,0.625,0.623655396088637
9.856621,806,0.625,0.623655396088637
9.864975,807,0.625,0.623655396088637
9.875214,808,0.625,0.623655396088637
9.88473,809,0.625,0.623655396088637
9.893663,810,0.625,0.623655396088637
9.903155,811,0.625,0.623655396088637
9.912603,812,0.625,0.623655396088637
9.921075,813,0.625,0.623655396088637
9.930167,814,0.625,0.623655396088637
9.93996,815,0.625,0.623655396088637
9.949356,816,0.625,0.623655396088637
9.958965,817,0.625,0.623655396088637
9.967451,818,0.625,0.623655396088637
9.975849,819,0.625,0.623655396088637
9.984504,820,0.625,0.623655396088637
9.99318,821,0.625,0.623655396088637
10.00356,822,0.625,0.623655396088637
10.01243,823,0.625,0.623655396088637
10.02186,824,0.625,0.623655396088637
10.03156,825,0.625,0.623655396088637
10.04168,826,0.625,0.623655396088637
10.05192,827,0.625,0.623655396088637
10.06289,828,0.625,0.623655396088637
10.07185,829,0.625,0.623655396088637
10.08236,830,0.625,0.623655396088637
10.09122,831,0.625,0.623655396088637
10.10143,832,0.625,0.623655396088637
10.11114,833,0.625,0.623655396088637
10.11947,834,0.625,0.623655396088637
10.12788,835,0.625,0.623655396088637
10.13716,836,0.625,0.624261475190764
10.14587,837,0.625,0.623655396088637
10.15448,838,0.625,0.624261475190764
10.16355,839,0.625,0.623655396088637
10.17395,840,0.625,0.623655396088637
10.18365,841,0.625,0.624261475190764
10.19429,842,0.625,0.624261475190764
10.20289,843,0.625,0.623655396088637
10.2129,844,0.625,0.623655396088637
10.22394,845,0.625,0.624261475190764
10.23536,846,0.625,0.624261475190764
10.2445,847,0.625,0.623655396088637
10.25327,848,0.625,0.624261475190764
10.26193,849,0.625,0.624261475190764
10.27748,850,0.625,0.623655396088637
10.28577,851,0.625,0.623655396088637
10.29449,852,0.625,0.623655396088637
10.30398,853,0.625,0.623655396088637
10.31304,854,0.625,0.623655396088637
10.32216,855,0.625,0.624261475190764
10.33062,856,0.625,0.624261475190764
10.34178,857,0.625,0.624261475190764
10.3521,858,0.625,0.624261475190764
10.36124,859,0.625,0.623655396088637
10.37041,860,0.625,0.623655396088637
10.38059,861,0.625,0.624261475190764
10.3907,862,0.625,0.623655396088637
10.40674,863,0.625,0.624261475190764
10.41593,864,0.625,0.624261475190764
10.42467,865,0.625,0.624261475190764
10.43475,866,0.625,0.624261475190764
10.44497,867,0.625,0.623655396088637
10.45613,868,0.625,0.624261475190764
10.4647,869,0.625,0.624261475190764
10.4741,870,0.625,0.624261475190764
10.48262,871,0.625,0.624261475190764
10.49276,872,0.625,0.624261475190764
10.50292,873,0.625,0.624261475190764
10.51171,874,0.625,0.624261475190764
10.52253,875,0.625,0.624261475190764
10.53186,876,0.625,0.624261475190764
10.5421,877,0.625,0.624261475190764
10.55118,878,0.625,0.624261475190764
10.56169,879,0.625,0.624261475190764
10.5715,880,0.625,0.624261475190764
10.58054,881,0.625,0.624261475190764
10.5907,882,0.625,0.624261475190764
10.60087,883,0.625,0.623655396088637
10.60976,884,0.625,0.624261475190764
10.61946,885,0.625,0.624261475190764
10.62944,886,0.625,0.624261475190764
10.63806,887,0.625,0.624261475190764
10.64643,888,0.625,0.624261475190764
10.65653,889,0.625,0.624261475190764
10.66684,890,0.625,0.624261475190764
10.6762,891,0.625,0.624261475190764
10.68536,892,0.625,0.624261475190764
10.69457,893,0.625,0.624261475190764
10.70463,894,0.625,0.624261475190764
10.71474,895,0.625,0.624261475190764
10.72477,896,0.625,0.624261475190764
10.7351,897,0.625,0.624261475190764
10.74419,898,0.625,0.624261475190764
10.75214,899,0.625,0.624261475190764
10.76054,900,0.625,0.624261475190764
10.77051,901,0.625,0.624261475190764
10.77969,902,0.625,0.624261475190764
10.78895,903,0.625,0.624261475190764
10.79927,904,0.625,0.624261475190764
10.80873,905,0.625,0.624261475190764
10.8178,906,0.625,0.624261475190764
10.82663,907,0.625,0.624261475190764
10.83514,908,0.625,0.624261475190764
10.84653,909,0.625,0.624261475190764
10.85621,910,0.625,0.624261475190764
10.86465,911,0.625,0.624261475190764
10.87411,912,0.625,0.624261475190764
10.8832,913,0.625,0.624261475190764
10.8923,914,0.625,0.624261475190764
10.90144,915,0.625,0.624261475190764
10.91156,916,0.625,0.624261475190764
10.91999,917,0.625,0.624261475190764
10.92904,918,0.625,0.624261475190764
10.93915,919,0.625,0.624261475190764
10.94814,920,0.625,0.624261475190764
10.95844,921,0.625,0.624261475190764
10.96856,922,0.625,0.624261475190764
10.97787,923,0.625,0.624261475190764
10.98716,924,0.625,0.624261475190764
10.99643,925,0.625,0.624261475190764
11.0061,926,0.625,0.624261475190764
11.01463,927,0.625,0.624261475190764
11.02338,928,0.625,0.624261475190764
11.03285,929,0.625,0.624261475190764
11.04305,930,0.625,0.624261475190764
11.05321,931,0.625,0.623655396088637
11.06182,932,0.625,0.624261475190764
11.07152,933,0.625,0.624261475190764
11.08165,934,0.625,0.624261475190764
11.09171,935,0.625,0.624261475190764
11.10067,936,0.625,0.624261475190764
11.10915,937,0.625,0.624261475190764
11.11847,938,0.625,0.624261475190764
11.12862,939,0.625,0.624261475190764
11.13856,940,0.625,0.624261475190764
11.14894,941,0.625,0.624261475190764
11.15727,942,0.625,0.624261475190764
11.16585,943,0.625,0.624261475190764
11.17419,944,0.625,0.624261475190764
11.18431,945,0.625,0.624261475190764
11.19426,946,0.625,0.624261475190764
11.20454,947,0.625,0.624261475190764
11.21292,948,0.625,0.624261475190764
11.22183,949,0.625,0.624261475190764
11.23195,950,0.625,0.624261475190764
11.24235,951,0.625,0.624261475190764
11.25234,952,0.625,0.624261475190764
11.26227,953,0.625,0.624261475190764
11.2717,954,0.625,0.624261475190764
11.28111,955,0.625,0.624867554292891
11.29112,956,0.625,0.624261475190764
11.29953,957,0.625,0.624261475190764
11.30937,958,0.625,0.624261475190764
11.31914,959,0.625,0.624261475190764
11.32946,960,0.625,0.624261475190764
11.33951,961,0.625,0.624261475190764
11.34953,962,0.625,0.624261475190764
11.35962,963,0.625,0.624261475190764
11.37025,964,0.625,0.624261475190764
11.37915,965,0.625,0.624261475190764
11.38773,966,0.625,0.624261475190764
11.39723,967,0.625,0.624261475190764
11.40756,968,0.625,0.624261475190764
11.41666,969,0.625,0.624261475190764
11.42557,970,0.625,0.624261475190764
11.4341,971,0.625,0.624261475190764
11.44304,972,0.625,0.624261475190764
11.45314,973,0.625,0.624261475190764
11.46226,974,0.625,0.624261475190764
11.47108,975,0.625,0.624261475190764
11.48098,976,0.625,0.624867554292891
11.4897,977,0.625,0.624867554292891
11.49814,978,0.625,0.624867554292891
11.50831,979,0.625,0.624261475190764
11.51674,980,0.625,0.624261475190764
11.52509,981,0.625,0.624261475190764
11.53386,982,0.625,0.624261475190764
11.54248,983,0.625,0.624261475190764
11.55198,984,0.625,0.624261475190764
11.56218,985,0.625,0.624261475190764
11.57068,986,0.625,0.624261475190764
11.57959,987,0.625,0.624261475190764
11.58798,988,0.625,0.624261475190764
11.59923,989,0.625,0.624261475190764
11.60823,990,0.625,0.624261475190764
11.61664,991,0.625,0.624261475190764
11.62661,992,0.625,0.624261475190764
11.63682,993,0.625,0.624261475190764
11.64688,994,0.625,0.624261475190764
11.65593,995,0.625,0.624261475190764
11.66524,996,0.625,0.624261475190764
11.67518,997,0.625,0.624261475190764
11.68445,998,0.625,0.624261475190764
11.69475,999,0.519999980926514,0.624261475190764
11.70349,1000,0.519999980926514,0.624261475190764
11.71335,1001,0.519999980926514,0.624261475190764
11.72316,1002,0.519999980926514,0.623655396088637
11.73335,1003,0.519999980926514,0.601836548412066
11.74483,1004,0.519999980926514,0.578199463429115
11.75404,1005,0.519999980926514,0.562441406773814
11.76413,1006,0.519999980926514,0.551531982935529
11.77349,1007,0.519999980926514,0.547895508322767
11.78264,1008,0.519999980926514,0.53941040089299
11.79118,1009,0.519999980926514,0.537592163586609
11.80138,1010,0.519999980926514,0.535167847178101
11.81161,1011,0.519999980926514,0.534561768075975
11.8269,1012,0.519999980926514,0.53153137256534
11.8361,1013,0.519999980926514,0.529107056156832
11.84452,1014,0.519999980926514,0.527894897952578
11.85282,1015,0.519999980926514,0.527288818850451
11.8629,1016,0.519999980926514,0.526682739748324
11.87234,1017,0.519999980926514,0.52547058154407
11.88243,1018,0.519999980926514,0.52547058154407
11.89234,1019,0.519999980926514,0.523652344237689
11.90269,1020,0.519999980926514,0.523046265135562
11.91268,1021,0.519999980926514,0.521834106931308
11.9227,1022,0.519999980926514,0.521834106931308
11.93242,1023,0.519999980926514,0.521228027829181
11.94147,1024,0.519999980926514,0.521228027829181
11.95173,1025,0.519999980926514,0.520621948727054
11.96232,1026,0.519999980926514,0.520015869624927
11.97252,1027,0.519999980926514,0.520015869624927
11.98186,1028,0.519999980926514,0.520015869624927
11.9914,1029,0.519999980926514,0.520015869624927
12.00052,1030,0.519999980926514,0.519409790522801
12.01064,1031,0.519999980926514,0.519409790522801
12.02085,1032,0.519999980926514,0.518803711420674
12.03093,1033,0.519999980926514,0.518803711420674
12.0411,1034,0.519999980926514,0.519409790522801
12.05075,1035,0.519999980926514,0.518803711420674
12.05898,1036,0.519999980926514,0.518803711420674
12.06827,1037,0.519999980926514,0.518803711420674
12.07844,1038,0.519999980926514,0.518803711420674
12.08846,1039,0.519999980926514,0.518803711420674
12.09702,1040,0.519999980926514,0.518803711420674
12.10712,1041,0.519999980926514,0.518803711420674
12.11626,1042,0.519999980926514,0.518197632318547
12.12628,1043,0.519999980926514,0.518197632318547
12.13529,1044,0.519999980926514,0.518197632318547
12.14376,1045,0.519999980926514,0.518197632318547
12.15278,1046,0.519999980926514,0.518197632318547
12.16298,1047,0.519999980926514,0.518197632318547
12.17334,1048,0.519999980926514,0.518197632318547
12.18184,1049,0.519999980926514,0.518197632318547
12.19208,1050,0.519999980926514,0.518197632318547
12.20232,1051,0.519999980926514,0.518197632318547
12.21117,1052,0.519999980926514,0.518197632318547
12.22044,1053,0.519999980926514,0.518197632318547
12.23041,1054,0.519999980926514,0.518197632318547
12.24058,1055,0.519999980926514,0.51759155321642
12.25083,1056,0.519999980926514,0.51759155321642
12.26101,1057,0.519999980926514,0.51759155321642
12.26967,1058,0.519999980926514,0.51759155321642
12.28018,1059,0.519999980926514,0.51759155321642
12.28932,1060,0.519999980926514,0.51759155321642
12.29833,1061,0.519999980926514,0.51759155321642
12.30857,1062,0.519999980926514,0.51759155321642
12.31877,1063,0.519999980926514,0.51759155321642
12.32893,1064,0.519999980926514,0.51759155321642
12.33831,1065,0.519999980926514,0.516985474114293
12.34845,1066,0.519999980926514,0.516985474114293
12.35857,1067,0.519999980926514,0.516985474114293
12.36871,1068,0.519999980926514,0.516985474114293
12.37887,1069,0.519999980926514,0.516985474114293
12.38905,1070,0.519999980926514,0.516985474114293
12.39849,1071,0.519999980926514,0.516985474114293
12.40681,1072,0.519999980926514,0.516985474114293
12.41693,1073,0.519999980926514,0.516985474114293
12.42548,1074,0.519999980926514,0.516985474114293
12.43411,1075,0.519999980926514,0.516985474114293
12.44569,1076,0.519999980926514,0.516379395012166
12.45424,1077,0.519999980926514,0.516379395012166
12.46264,1078,0.519999980926514,0.516379395012166
12.47112,1079,0.519999980926514,0.516379395012166
12.48164,1080,0.519999980926514,0.516379395012166
12.49089,1081,0.519999980926514,0.516379395012166
12.50092,1082,0.519999980926514,0.516379395012166
12.5098,1083,0.519999980926514,0.516379395012166
12.52386,1084,0.519999980926514,0.516379395012166
12.53418,1085,0.519999980926514,0.516379395012166
12.54426,1086,0.519999980926514,0.516379395012166
12.55482,1087,0.519999980926514,0.516379395012166
12.56374,1088,0.519999980926514,0.516379395012166
12.57258,1089,0.519999980926514,0.516379395012166
12.58243,1090,0.519999980926514,0.515773315910039
12.59163,1091,0.519999980926514,0.515773315910039
12.60185,1092,0.519999980926514,0.515773315910039
12.61221,1093,0.519999980926514,0.515773315910039
12.62116,1094,0.519999980926514,0.515773315910039
12.63034,1095,0.519999980926514,0.515773315910039
12.63898,1096,0.519999980926514,0.515773315910039
12.64858,1097,0.519999980926514,0.515773315910039
12.65715,1098,0.519999980926514,0.515167236807912
12.66714,1099,0.519999980926514,0.515773315910039
12.67709,1100,0.519999980926514,0.515773315910039
12.68645,1101,0.519999980926514,0.515167236807912
12.69657,1102,0.519999980926514,0.515167236807912
12.7068,1103,0.519999980926514,0.515167236807912
12.71533,1104,0.519999980926514,0.515773315910039
12.72537,1105,0.519999980926514,0.515167236807912
12.73511,1106,0.519999980926514,0.515773315910039
12.74487,1107,0.519999980926514,0.515167236807912
12.75393,1108,0.519999980926514,0.515167236807912
12.76415,1109,0.519999980926514,0.515167236807912
12.77509,1110,0.519999980926514,0.515167236807912
12.78461,1111,0.519999980926514,0.515167236807912
12.79392,1112,0.519999980926514,0.515167236807912
12.80332,1113,0.519999980926514,0.515167236807912
12.8134,1114,0.519999980926514,0.515167236807912
12.82344,1115,0.519999980926514,0.514561157705785
12.83288,1116,0.519999980926514,0.514561157705785
12.84302,1117,0.519999980926514,0.515167236807912
12.85304,1118,0.519999980926514,0.514561157705785
12.86233,1119,0.519999980926514,0.514561157705785
12.87054,1120,0.519999980926514,0.514561157705785
12.8806,1121,0.519999980926514,0.514561157705785
12.88995,1122,0.519999980926514,0.514561157705785
12.89862,1123,0.519999980926514,0.514561157705785
12.90804,1124,0.519999980926514,0.513955078603658
12.9167,1125,0.519999980926514,0.514561157705785
12.92507,1126,0.519999980926514,0.513955078603658
12.93397,1127,0.519999980926514,0.514561157705785
12.94491,1128,0.519999980926514,0.513955078603658
12.95383,1129,0.519999980926514,0.514561157705785
12.96373,1130,0.519999980926514,0.514561157705785
12.97375,1131,0.519999980926514,0.514561157705785
12.98407,1132,0.519999980926514,0.513955078603658
12.99436,1133,0.519999980926514,0.513955078603658
13.00461,1134,0.519999980926514,0.513955078603658
13.01436,1135,0.519999980926514,0.513955078603658
13.02297,1136,0.519999980926514,0.513955078603658
13.03315,1137,0.519999980926514,0.513955078603658
13.0431,1138,0.519999980926514,0.513955078603658
13.05276,1139,0.519999980926514,0.513955078603658
13.06274,1140,0.519999980926514,0.513348999501531
13.07143,1141,0.519999980926514,0.513955078603658
13.0803,1142,0.519999980926514,0.513348999501531
13.09032,1143,0.519999980926514,0.513955078603658
13.10055,1144,0.519999980926514,0.513348999501531
13.11046,1145,0.519999980926514,0.513348999501531
13.12035,1146,0.519999980926514,0.513348999501531
13.13076,1147,0.519999980926514,0.513955078603658
13.13928,1148,0.519999980926514,0.513348999501531
13.14797,1149,0.519999980926514,0.513348999501531
13.15631,1150,0.519999980926514,0.513348999501531
13.16609,1151,0.519999980926514,0.513348999501531
13.17793,1152,0.519999980926514,0.513348999501531
13.1865,1153,0.519999980926514,0.513348999501531
13.19699,1154,0.519999980926514,0.512742920399404
13.22278,1155,0.519999980926514,0.512742920399404
13.22701,1156,0.519999980926514,0.513348999501531
13.23625,1157,0.519999980926514,0.513348999501531
13.24528,1158,0.519999980926514,0.513348999501531
13.25369,1159,0.519999980926514,0.513348999501531
13.2639,1160,0.519999980926514,0.512742920399404
13.27391,1161,0.519999980926514,0.512742920399404
13.28226,1162,0.519999980926514,0.512742920399404
13.29284,1163,0.519999980926514,0.512742920399404
13.30224,1164,0.519999980926514,0.512742920399404
13.31286,1165,0.519999980926514,0.512742920399404
13.32133,1166,0.519999980926514,0.512742920399404
13.33701,1167,0.519999980926514,0.512742920399404
